[0.         0.         0.         0.00515464 0.00515464 0.01030928
 0.01030928 0.01546392 0.01546392 0.06185567 0.06185567 0.11340206
 0.11340206 0.12371134 0.12371134 0.13917526 0.13917526 0.1443299
 0.1443299  0.17010309 0.17010309 0.25773196 0.25773196 0.30412371
 0.30412371 0.34020619 0.34020619 0.34536082 0.34536082 0.36597938
 0.36597938 0.39690722 0.39690722 0.55154639 0.55154639 0.65979381
 0.65979381 0.7371134  0.7371134  0.74226804 0.74226804 0.81443299
 0.81443299 1.        ]
[0.         0.00515464 0.81958763 0.81958763 0.84020619 0.84020619
 0.88659794 0.88659794 0.90721649 0.90721649 0.91237113 0.91237113
 0.91752577 0.91752577 0.92268041 0.92268041 0.92783505 0.92783505
 0.93298969 0.93298969 0.93814433 0.93814433 0.94329897 0.94329897
 0.94845361 0.94845361 0.95360825 0.95360825 0.96391753 0.96391753
 0.96907216 0.96907216 0.9742268  0.9742268  0.97938144 0.97938144
 0.98453608 0.98453608 0.98969072 0.98969072 0.99484536 0.99484536
 1.         1.        ]
0.965006908279307
