[0.         0.         0.         0.01162791 0.01162791 0.01744186
 0.01744186 0.03488372 0.03488372 0.04069767 0.04069767 0.04651163
 0.04651163 0.05813953 0.05813953 0.06395349 0.06395349 0.06976744
 0.06976744 0.0872093  0.0872093  0.09883721 0.09883721 0.10465116
 0.10465116 0.13372093 0.13372093 0.13953488 0.13953488 0.14534884
 0.14534884 0.15697674 0.15697674 0.1627907  0.1627907  0.16860465
 0.16860465 0.1744186  0.1744186  0.18604651 0.18604651 0.19186047
 0.19186047 0.21511628 0.21511628 0.22093023 0.22093023 0.23255814
 0.23255814 0.23837209 0.23837209 0.24418605 0.24418605 0.25
 0.25       0.25581395 0.25581395 0.26162791 0.26162791 0.26744186
 0.26744186 0.3255814  0.3255814  0.36046512 0.36046512 0.37209302
 0.37209302 0.38372093 0.38372093 0.43604651 0.43604651 0.44186047
 0.44186047 0.45348837 0.45348837 0.47674419 0.47674419 0.48255814
 0.48255814 0.5        0.5        0.51744186 0.51744186 0.55232558
 0.55232558 0.5755814  0.5755814  0.59302326 0.59302326 0.68023256
 0.68023256 0.8372093  0.8372093  0.84302326 0.84302326 0.96511628
 0.96511628 0.97674419 0.97674419 1.        ]
[0.         0.00675676 0.19594595 0.19594595 0.23648649 0.23648649
 0.41891892 0.41891892 0.43918919 0.43918919 0.46621622 0.46621622
 0.47297297 0.47297297 0.5        0.5        0.52702703 0.52702703
 0.54054054 0.54054054 0.55405405 0.55405405 0.56081081 0.56081081
 0.57432432 0.57432432 0.58783784 0.58783784 0.59459459 0.59459459
 0.61486486 0.61486486 0.63513514 0.63513514 0.65540541 0.65540541
 0.66891892 0.66891892 0.67567568 0.67567568 0.68918919 0.68918919
 0.70945946 0.70945946 0.71621622 0.71621622 0.72297297 0.72297297
 0.72972973 0.72972973 0.75675676 0.75675676 0.76351351 0.76351351
 0.77027027 0.77027027 0.7972973  0.7972973  0.80405405 0.80405405
 0.84459459 0.84459459 0.85135135 0.85135135 0.85810811 0.85810811
 0.86486486 0.86486486 0.87162162 0.87162162 0.88513514 0.88513514
 0.89864865 0.89864865 0.90540541 0.90540541 0.91216216 0.91216216
 0.93243243 0.93243243 0.93918919 0.93918919 0.94594595 0.94594595
 0.9527027  0.9527027  0.95945946 0.95945946 0.96621622 0.96621622
 0.97297297 0.97297297 0.97972973 0.97972973 0.98648649 0.98648649
 0.99324324 0.99324324 1.         1.        ]
0.8456159648020113
