[1.         0.99484536 0.99484536 0.99484536 0.99484536 0.99484536
 0.99484536 0.99484536 0.99484536 0.99484536 0.99484536 0.99484536
 0.99484536 0.99484536 0.99484536 0.99484536 0.98969072 0.98969072
 0.98453608 0.98453608 0.98453608 0.98453608 0.98453608 0.98453608
 0.98453608 0.98453608 0.98453608 0.98453608 0.98453608 0.98453608
 0.98453608 0.98453608 0.98453608 0.98453608 0.97938144 0.97938144
 0.97938144 0.97938144 0.97938144 0.97938144 0.97938144 0.97938144
 0.97938144 0.97938144 0.97938144 0.97938144 0.97938144 0.97938144
 0.97938144 0.97938144 0.97938144 0.97938144 0.97938144 0.97938144
 0.97938144 0.97938144 0.9742268  0.9742268  0.9742268  0.9742268
 0.9742268  0.9742268  0.9742268  0.9742268  0.9742268  0.9742268
 0.9742268  0.9742268  0.9742268  0.9742268  0.9742268  0.9742268
 0.9742268  0.9742268  0.9742268  0.9742268  0.9742268  0.9742268
 0.9742268  0.9742268  0.9742268  0.9742268  0.9742268  0.9742268
 0.9742268  0.9742268  0.9742268  0.96907216 0.96907216 0.96907216
 0.96907216 0.96907216 0.96907216 0.96907216 0.96391753 0.96391753
 0.96391753 0.96391753 0.96391753 0.95876289 0.95360825 0.95360825
 0.94845361 0.94845361 0.94845361 0.94845361 0.94845361 0.94845361
 0.94845361 0.94845361 0.94329897 0.94329897 0.94329897 0.94329897
 0.94329897 0.94329897 0.94329897 0.94329897 0.94329897 0.94329897
 0.93814433 0.93814433 0.93814433 0.93814433 0.93814433 0.93814433
 0.93814433 0.93814433 0.93814433 0.93814433 0.93814433 0.93814433
 0.93814433 0.93814433 0.93814433 0.93814433 0.93814433 0.93814433
 0.93298969 0.93298969 0.93298969 0.93298969 0.93298969 0.93298969
 0.92783505 0.92783505 0.92268041 0.92268041 0.92268041 0.92268041
 0.91752577 0.91752577 0.91752577 0.91237113 0.91237113 0.91237113
 0.91237113 0.91237113 0.91237113 0.91237113 0.91237113 0.91237113
 0.91237113 0.91237113 0.90721649 0.90721649 0.90721649 0.90721649
 0.90721649 0.90721649 0.90721649 0.90721649 0.90721649 0.90721649
 0.90206186 0.89690722 0.89175258 0.88659794 0.88659794 0.8814433
 0.87628866 0.87113402 0.86597938 0.86082474 0.8556701  0.85051546
 0.84536082 0.84020619 0.84020619 0.83505155 0.82989691 0.82474227
 0.81958763 0.81958763 0.81443299 0.80927835 0.80412371 0.79896907
 0.79381443 0.78865979 0.78350515 0.77835052 0.77319588 0.76804124
 0.7628866  0.75773196 0.75257732 0.74742268 0.74226804 0.7371134
 0.73195876 0.72680412 0.72164948 0.71649485 0.71134021 0.70618557
 0.70103093 0.69587629 0.69072165 0.68556701 0.68041237 0.67525773
 0.67010309 0.66494845 0.65979381 0.65463918 0.64948454 0.6443299
 0.63917526 0.63402062 0.62886598 0.62371134 0.6185567  0.61340206
 0.60824742 0.60309278 0.59793814 0.59278351 0.58762887 0.58247423
 0.57731959 0.57216495 0.56701031 0.56185567 0.55670103 0.55154639
 0.54639175 0.54123711 0.53608247 0.53092784 0.5257732  0.52061856
 0.51546392 0.51030928 0.50515464 0.5        0.49484536 0.48969072
 0.48453608 0.47938144 0.4742268  0.46907216 0.46391753 0.45876289
 0.45360825 0.44845361 0.44329897 0.43814433 0.43298969 0.42783505
 0.42268041 0.41752577 0.41237113 0.40721649 0.40206186 0.39690722
 0.39175258 0.38659794 0.3814433  0.37628866 0.37113402 0.36597938
 0.36082474 0.3556701  0.35051546 0.34536082 0.34020619 0.33505155
 0.32989691 0.32474227 0.31958763 0.31443299 0.30927835 0.30412371
 0.29896907 0.29381443 0.28865979 0.28350515 0.27835052 0.27319588
 0.26804124 0.2628866  0.25773196 0.25257732 0.24742268 0.24226804
 0.2371134  0.23195876 0.22680412 0.22164948 0.21649485 0.21134021
 0.20618557 0.20103093 0.19587629 0.19072165 0.18556701 0.18041237
 0.17525773 0.17010309 0.16494845 0.15979381 0.15463918 0.14948454
 0.1443299  0.13917526 0.13402062 0.12886598 0.12371134 0.1185567
 0.11340206 0.10824742 0.10309278 0.09793814 0.09278351 0.08762887
 0.08247423 0.07731959 0.07216495 0.06701031 0.06185567 0.05670103
 0.05154639 0.04639175 0.04123711 0.03608247 0.03092784 0.0257732
 0.02061856 0.01546392 0.01030928 0.00515464 0.        ]
[0.55113636 0.54985755 0.55142857 0.5530086  0.5545977  0.55619597
 0.55780347 0.55942029 0.56104651 0.56268222 0.56432749 0.5659824
 0.56764706 0.56932153 0.57100592 0.5727003  0.57142857 0.57313433
 0.57185629 0.57357357 0.5753012  0.57703927 0.57878788 0.58054711
 0.58231707 0.58409786 0.58588957 0.58769231 0.58950617 0.59133127
 0.5931677  0.59501558 0.596875   0.59874608 0.59748428 0.59936909
 0.60126582 0.6031746  0.60509554 0.60702875 0.60897436 0.61093248
 0.61290323 0.61488673 0.61688312 0.61889251 0.62091503 0.62295082
 0.625      0.62706271 0.62913907 0.63122924 0.63333333 0.63545151
 0.63758389 0.63973064 0.63851351 0.64067797 0.64285714 0.64505119
 0.64726027 0.64948454 0.65172414 0.65397924 0.65625    0.65853659
 0.66083916 0.66315789 0.66549296 0.66784452 0.67021277 0.67259786
 0.675      0.67741935 0.67985612 0.68231047 0.68478261 0.68727273
 0.68978102 0.69230769 0.69485294 0.69741697 0.7        0.70260223
 0.70522388 0.70786517 0.71052632 0.70943396 0.71212121 0.7148289
 0.71755725 0.72030651 0.72307692 0.72586873 0.7248062  0.72762646
 0.73046875 0.73333333 0.73622047 0.73517787 0.73412698 0.73705179
 0.736      0.73895582 0.74193548 0.74493927 0.74796748 0.75102041
 0.75409836 0.75720165 0.75619835 0.7593361  0.7625     0.76569038
 0.76890756 0.7721519  0.77542373 0.7787234  0.78205128 0.78540773
 0.78448276 0.78787879 0.79130435 0.79475983 0.79824561 0.80176211
 0.80530973 0.80888889 0.8125     0.8161435  0.81981982 0.82352941
 0.82727273 0.83105023 0.83486239 0.83870968 0.84259259 0.84651163
 0.84579439 0.84976526 0.85377358 0.85781991 0.86190476 0.86602871
 0.86538462 0.86956522 0.86893204 0.87317073 0.87745098 0.8817734
 0.88118812 0.88557214 0.89       0.88944724 0.89393939 0.89847716
 0.90306122 0.90769231 0.91237113 0.91709845 0.921875   0.92670157
 0.93157895 0.93650794 0.93617021 0.94117647 0.94623656 0.95135135
 0.95652174 0.96174863 0.96703297 0.97237569 0.97777778 0.98324022
 0.98314607 0.98305085 0.98295455 0.98285714 0.98850575 0.98843931
 0.98837209 0.98830409 0.98823529 0.98816568 0.98809524 0.98802395
 0.98795181 0.98787879 0.99390244 0.99386503 0.99382716 0.99378882
 0.99375    1.         1.         1.         1.         1.
 1.         1.         1.         1.         1.         1.
 1.         1.         1.         1.         1.         1.
 1.         1.         1.         1.         1.         1.
 1.         1.         1.         1.         1.         1.
 1.         1.         1.         1.         1.         1.
 1.         1.         1.         1.         1.         1.
 1.         1.         1.         1.         1.         1.
 1.         1.         1.         1.         1.         1.
 1.         1.         1.         1.         1.         1.
 1.         1.         1.         1.         1.         1.
 1.         1.         1.         1.         1.         1.
 1.         1.         1.         1.         1.         1.
 1.         1.         1.         1.         1.         1.
 1.         1.         1.         1.         1.         1.
 1.         1.         1.         1.         1.         1.
 1.         1.         1.         1.         1.         1.
 1.         1.         1.         1.         1.         1.
 1.         1.         1.         1.         1.         1.
 1.         1.         1.         1.         1.         1.
 1.         1.         1.         1.         1.         1.
 1.         1.         1.         1.         1.         1.
 1.         1.         1.         1.         1.         1.
 1.         1.         1.         1.         1.         1.
 1.         1.         1.         1.         1.         1.
 1.         1.         1.         1.         1.         1.
 1.         1.         1.         1.         1.        ]
0.9753358633444352
