[1.         0.99324324 0.99324324 0.99324324 0.98648649 0.98648649
 0.98648649 0.98648649 0.98648649 0.98648649 0.98648649 0.98648649
 0.98648649 0.98648649 0.98648649 0.98648649 0.98648649 0.98648649
 0.98648649 0.98648649 0.98648649 0.98648649 0.98648649 0.98648649
 0.98648649 0.98648649 0.97972973 0.97972973 0.97297297 0.97297297
 0.97297297 0.97297297 0.97297297 0.97297297 0.97297297 0.97297297
 0.97297297 0.97297297 0.97297297 0.97297297 0.97297297 0.97297297
 0.97297297 0.97297297 0.97297297 0.97297297 0.97297297 0.97297297
 0.97297297 0.97297297 0.97297297 0.97297297 0.97297297 0.97297297
 0.97297297 0.97297297 0.96621622 0.96621622 0.96621622 0.96621622
 0.96621622 0.96621622 0.96621622 0.96621622 0.96621622 0.96621622
 0.96621622 0.96621622 0.96621622 0.96621622 0.96621622 0.96621622
 0.95945946 0.95945946 0.95945946 0.95945946 0.9527027  0.9527027
 0.9527027  0.9527027  0.9527027  0.94594595 0.94594595 0.94594595
 0.94594595 0.94594595 0.94594595 0.94594595 0.93918919 0.93918919
 0.93918919 0.93918919 0.93243243 0.93243243 0.93243243 0.93243243
 0.92567568 0.91891892 0.91216216 0.91216216 0.90540541 0.90540541
 0.90540541 0.90540541 0.90540541 0.89864865 0.89864865 0.89864865
 0.89189189 0.88513514 0.88513514 0.87837838 0.87162162 0.87162162
 0.87162162 0.87162162 0.87162162 0.87162162 0.87162162 0.87162162
 0.87162162 0.87162162 0.86486486 0.86486486 0.86486486 0.85810811
 0.85810811 0.85810811 0.85135135 0.85135135 0.85135135 0.85135135
 0.85135135 0.85135135 0.85135135 0.84459459 0.84459459 0.84459459
 0.84459459 0.84459459 0.84459459 0.84459459 0.84459459 0.84459459
 0.84459459 0.84459459 0.83783784 0.83108108 0.82432432 0.81756757
 0.81081081 0.80405405 0.80405405 0.7972973  0.7972973  0.79054054
 0.78378378 0.77702703 0.77027027 0.77027027 0.76351351 0.76351351
 0.75675676 0.75675676 0.75       0.74324324 0.73648649 0.72972973
 0.72972973 0.72297297 0.72297297 0.72297297 0.71621622 0.71621622
 0.70945946 0.70945946 0.70945946 0.70945946 0.70945946 0.7027027
 0.69594595 0.68918919 0.68918919 0.68243243 0.67567568 0.67567568
 0.67567568 0.66891892 0.66891892 0.66216216 0.65540541 0.65540541
 0.64864865 0.64189189 0.63513514 0.63513514 0.62837838 0.62162162
 0.61486486 0.61486486 0.61486486 0.60810811 0.60135135 0.59459459
 0.59459459 0.58783784 0.58783784 0.58108108 0.57432432 0.57432432
 0.57432432 0.57432432 0.57432432 0.57432432 0.56756757 0.56081081
 0.56081081 0.55405405 0.55405405 0.55405405 0.5472973  0.54054054
 0.54054054 0.54054054 0.54054054 0.53378378 0.52702703 0.52702703
 0.52027027 0.51351351 0.50675676 0.5        0.5        0.49324324
 0.48648649 0.47972973 0.47297297 0.47297297 0.47297297 0.46621622
 0.46621622 0.45945946 0.4527027  0.44594595 0.43918919 0.43918919
 0.43243243 0.42567568 0.41891892 0.41891892 0.41891892 0.41891892
 0.41216216 0.40540541 0.39864865 0.39189189 0.38513514 0.37837838
 0.37162162 0.36486486 0.35810811 0.35135135 0.34459459 0.33783784
 0.33108108 0.32432432 0.31756757 0.31081081 0.30405405 0.2972973
 0.29054054 0.28378378 0.27702703 0.27027027 0.26351351 0.25675676
 0.25       0.24324324 0.23648649 0.23648649 0.22972973 0.22297297
 0.21621622 0.20945946 0.2027027  0.19594595 0.19594595 0.19594595
 0.18918919 0.18243243 0.17567568 0.16891892 0.16216216 0.15540541
 0.14864865 0.14189189 0.13513514 0.12837838 0.12162162 0.11486486
 0.10810811 0.10135135 0.09459459 0.08783784 0.08108108 0.07432432
 0.06756757 0.06081081 0.05405405 0.0472973  0.04054054 0.03378378
 0.02702703 0.02027027 0.01351351 0.00675676 0.        ]
[0.46835443 0.46666667 0.46815287 0.46964856 0.46794872 0.46945338
 0.47096774 0.47249191 0.47402597 0.47557003 0.47712418 0.47868852
 0.48026316 0.48184818 0.48344371 0.48504983 0.48666667 0.48829431
 0.48993289 0.49158249 0.49324324 0.49491525 0.49659864 0.49829352
 0.5        0.50171821 0.5        0.5017301  0.5        0.50174216
 0.5034965  0.50526316 0.50704225 0.50883392 0.5106383  0.51245552
 0.51428571 0.51612903 0.51798561 0.5198556  0.52173913 0.52363636
 0.52554745 0.52747253 0.52941176 0.53136531 0.53333333 0.53531599
 0.53731343 0.53932584 0.54135338 0.54339623 0.54545455 0.54752852
 0.54961832 0.55172414 0.55       0.55212355 0.55426357 0.55642023
 0.55859375 0.56078431 0.56299213 0.56521739 0.56746032 0.56972112
 0.572      0.57429719 0.5766129  0.57894737 0.58130081 0.58367347
 0.58196721 0.58436214 0.58677686 0.58921162 0.5875     0.58995816
 0.59243697 0.59493671 0.59745763 0.59574468 0.5982906  0.60085837
 0.60344828 0.60606061 0.60869565 0.61135371 0.60964912 0.6123348
 0.61504425 0.61777778 0.61607143 0.61883408 0.62162162 0.62443439
 0.62272727 0.62100457 0.61926606 0.62211982 0.62037037 0.62325581
 0.62616822 0.62910798 0.63207547 0.63033175 0.63333333 0.63636364
 0.63461538 0.63285024 0.63592233 0.63414634 0.63235294 0.63546798
 0.63861386 0.64179104 0.645      0.64824121 0.65151515 0.65482234
 0.65816327 0.66153846 0.65979381 0.66321244 0.66666667 0.66492147
 0.66842105 0.67195767 0.67021277 0.67379679 0.67741935 0.68108108
 0.68478261 0.68852459 0.69230769 0.69060773 0.69444444 0.69832402
 0.70224719 0.70621469 0.71022727 0.71428571 0.7183908  0.72254335
 0.72674419 0.73099415 0.72941176 0.72781065 0.72619048 0.7245509
 0.72289157 0.72121212 0.72560976 0.72392638 0.72839506 0.72670807
 0.725      0.72327044 0.72151899 0.72611465 0.72435897 0.72903226
 0.72727273 0.73202614 0.73026316 0.72847682 0.72666667 0.72483221
 0.72972973 0.72789116 0.73287671 0.73793103 0.73611111 0.74125874
 0.73943662 0.74468085 0.75       0.75539568 0.76086957 0.75912409
 0.75735294 0.75555556 0.76119403 0.7593985  0.75757576 0.76335878
 0.76923077 0.76744186 0.7734375  0.77165354 0.76984127 0.776
 0.77419355 0.77235772 0.7704918  0.7768595  0.775      0.77310924
 0.77118644 0.77777778 0.78448276 0.7826087  0.78070175 0.77876106
 0.78571429 0.78378378 0.79090909 0.78899083 0.78703704 0.79439252
 0.80188679 0.80952381 0.81730769 0.82524272 0.82352941 0.82178218
 0.83       0.82828283 0.83673469 0.84536082 0.84375    0.84210526
 0.85106383 0.86021505 0.86956522 0.86813187 0.86666667 0.87640449
 0.875      0.87356322 0.87209302 0.87058824 0.88095238 0.87951807
 0.87804878 0.87654321 0.875      0.88607595 0.8974359  0.8961039
 0.90789474 0.90666667 0.90540541 0.90410959 0.90277778 0.91549296
 0.91428571 0.91304348 0.91176471 0.92537313 0.93939394 0.95384615
 0.953125   0.95238095 0.9516129  0.95081967 0.95       0.94915254
 0.94827586 0.94736842 0.94642857 0.94545455 0.94444444 0.94339623
 0.94230769 0.94117647 0.94       0.93877551 0.9375     0.93617021
 0.93478261 0.93333333 0.93181818 0.93023256 0.92857143 0.92682927
 0.925      0.92307692 0.92105263 0.94594595 0.94444444 0.94285714
 0.94117647 0.93939394 0.9375     0.93548387 0.96666667 1.
 1.         1.         1.         1.         1.         1.
 1.         1.         1.         1.         1.         1.
 1.         1.         1.         1.         1.         1.
 1.         1.         1.         1.         1.         1.
 1.         1.         1.         1.         1.        ]
0.838738411155087
