[1.         0.99418605 0.99418605 0.99418605 0.99418605 0.99418605
 0.99418605 0.99418605 0.99418605 0.99418605 0.99418605 0.99418605
 0.99418605 0.99418605 0.99418605 0.99418605 0.99418605 0.99418605
 0.99418605 0.99418605 0.99418605 0.98837209 0.98837209 0.98255814
 0.98255814 0.98255814 0.98255814 0.98255814 0.97674419 0.97674419
 0.97674419 0.97674419 0.97674419 0.97093023 0.97093023 0.97093023
 0.97093023 0.97093023 0.96511628 0.96511628 0.96511628 0.96511628
 0.96511628 0.95930233 0.95930233 0.95930233 0.95348837 0.95348837
 0.95348837 0.95348837 0.95348837 0.95348837 0.95348837 0.95348837
 0.95348837 0.94767442 0.94186047 0.93604651 0.93604651 0.93604651
 0.93604651 0.93023256 0.9244186  0.91860465 0.9127907  0.9127907
 0.9127907  0.90697674 0.90116279 0.90116279 0.90116279 0.89534884
 0.89534884 0.89534884 0.89534884 0.89534884 0.88953488 0.88953488
 0.88372093 0.88372093 0.88372093 0.88372093 0.88372093 0.88372093
 0.88372093 0.88372093 0.87790698 0.87790698 0.87209302 0.87209302
 0.86627907 0.86046512 0.86046512 0.85465116 0.85465116 0.84883721
 0.84302326 0.8372093  0.8372093  0.8372093  0.83139535 0.83139535
 0.83139535 0.83139535 0.83139535 0.83139535 0.83139535 0.83139535
 0.83139535 0.8255814  0.8255814  0.8255814  0.8255814  0.81976744
 0.81395349 0.81395349 0.81395349 0.80813953 0.80813953 0.80813953
 0.80813953 0.80813953 0.80232558 0.80232558 0.79651163 0.79651163
 0.79651163 0.79651163 0.79069767 0.79069767 0.78488372 0.78488372
 0.78488372 0.78488372 0.78488372 0.78488372 0.78488372 0.78488372
 0.78488372 0.77906977 0.77906977 0.77906977 0.77906977 0.77325581
 0.77325581 0.76744186 0.76162791 0.76162791 0.76162791 0.76162791
 0.76162791 0.76162791 0.76162791 0.75581395 0.75581395 0.75581395
 0.75581395 0.75       0.74418605 0.73837209 0.73255814 0.72674419
 0.72674419 0.72093023 0.71511628 0.71511628 0.71511628 0.71511628
 0.71511628 0.70930233 0.70930233 0.70930233 0.70930233 0.70348837
 0.70348837 0.70348837 0.69767442 0.69767442 0.69767442 0.69767442
 0.69767442 0.69186047 0.69186047 0.69186047 0.68604651 0.68023256
 0.6744186  0.6744186  0.6744186  0.66860465 0.6627907  0.65697674
 0.65116279 0.65116279 0.64534884 0.64534884 0.63953488 0.63953488
 0.63372093 0.63372093 0.63372093 0.62790698 0.62209302 0.62209302
 0.62209302 0.61627907 0.61627907 0.61046512 0.60465116 0.59883721
 0.59883721 0.59302326 0.5872093  0.5872093  0.58139535 0.58139535
 0.58139535 0.58139535 0.58139535 0.5755814  0.56976744 0.56395349
 0.55813953 0.55232558 0.55232558 0.55232558 0.54651163 0.54069767
 0.54069767 0.54069767 0.53488372 0.52906977 0.52906977 0.52325581
 0.52325581 0.52325581 0.51744186 0.51162791 0.50581395 0.5
 0.49418605 0.48837209 0.48255814 0.47674419 0.47093023 0.47093023
 0.47093023 0.46511628 0.45930233 0.45348837 0.45348837 0.44767442
 0.44767442 0.44186047 0.44186047 0.44186047 0.43604651 0.43604651
 0.43023256 0.4244186  0.4244186  0.41860465 0.4127907  0.4127907
 0.40697674 0.40116279 0.40116279 0.39534884 0.39534884 0.38953488
 0.38372093 0.37790698 0.37209302 0.36627907 0.36046512 0.35465116
 0.35465116 0.34883721 0.34302326 0.3372093  0.33139535 0.33139535
 0.33139535 0.3255814  0.31976744 0.31395349 0.31395349 0.30813953
 0.30232558 0.29651163 0.29069767 0.28488372 0.27906977 0.27325581
 0.26744186 0.26162791 0.25581395 0.25       0.24418605 0.23837209
 0.23255814 0.22674419 0.22093023 0.21511628 0.20930233 0.20348837
 0.19767442 0.19186047 0.18604651 0.18023256 0.1744186  0.16860465
 0.1627907  0.15697674 0.15116279 0.14534884 0.13953488 0.13372093
 0.12790698 0.12209302 0.11627907 0.11046512 0.10465116 0.09883721
 0.09302326 0.0872093  0.08139535 0.0755814  0.06976744 0.06395349
 0.05813953 0.05232558 0.04651163 0.04069767 0.03488372 0.02906977
 0.02325581 0.01744186 0.01162791 0.00581395 0.        ]
[0.50588235 0.50442478 0.50591716 0.5074184  0.50892857 0.51044776
 0.51197605 0.51351351 0.51506024 0.51661631 0.51818182 0.51975684
 0.52134146 0.52293578 0.52453988 0.52615385 0.52777778 0.52941176
 0.5310559  0.53271028 0.534375   0.53291536 0.53459119 0.53312303
 0.53481013 0.53650794 0.53821656 0.5399361  0.53846154 0.54019293
 0.54193548 0.54368932 0.54545455 0.54397394 0.54575163 0.54754098
 0.54934211 0.55115512 0.54966887 0.55149502 0.55333333 0.55518395
 0.55704698 0.55555556 0.55743243 0.55932203 0.55782313 0.55972696
 0.56164384 0.56357388 0.56551724 0.56747405 0.56944444 0.57142857
 0.57342657 0.57192982 0.57042254 0.56890459 0.57092199 0.57295374
 0.575      0.5734767  0.57194245 0.57039711 0.56884058 0.57090909
 0.5729927  0.57142857 0.56985294 0.57195572 0.57407407 0.57249071
 0.57462687 0.57677903 0.57894737 0.58113208 0.57954545 0.58174905
 0.58015267 0.58237548 0.58461538 0.58687259 0.58914729 0.59143969
 0.59375    0.59607843 0.59448819 0.59683794 0.5952381  0.59760956
 0.596      0.59437751 0.59677419 0.5951417  0.59756098 0.59591837
 0.5942623  0.59259259 0.59504132 0.59751037 0.59583333 0.59832636
 0.60084034 0.60337553 0.6059322  0.60851064 0.61111111 0.61373391
 0.61637931 0.61471861 0.6173913  0.62008734 0.62280702 0.62114537
 0.61946903 0.62222222 0.625      0.62331839 0.62612613 0.62895928
 0.63181818 0.6347032  0.63302752 0.6359447  0.63425926 0.6372093
 0.64018692 0.64319249 0.64150943 0.64454976 0.64285714 0.64593301
 0.64903846 0.65217391 0.65533981 0.65853659 0.66176471 0.66502463
 0.66831683 0.66666667 0.67       0.67336683 0.67676768 0.6751269
 0.67857143 0.67692308 0.67525773 0.67875648 0.68229167 0.68586387
 0.68947368 0.69312169 0.69680851 0.69518717 0.69892473 0.7027027
 0.70652174 0.70491803 0.7032967  0.70165746 0.7        0.69832402
 0.70224719 0.70056497 0.69886364 0.70285714 0.70689655 0.71098266
 0.71511628 0.71345029 0.71764706 0.72189349 0.72619048 0.7245509
 0.72891566 0.73333333 0.73170732 0.73619632 0.74074074 0.74534161
 0.75       0.74842767 0.75316456 0.75796178 0.75641026 0.75483871
 0.75324675 0.75816993 0.76315789 0.7615894  0.76       0.75838926
 0.75675676 0.76190476 0.76027397 0.76551724 0.76388889 0.76923077
 0.76760563 0.77304965 0.77857143 0.77697842 0.77536232 0.7810219
 0.78676471 0.78518519 0.79104478 0.78947368 0.78787879 0.78625954
 0.79230769 0.79069767 0.7890625  0.79527559 0.79365079 0.8
 0.80645161 0.81300813 0.81967213 0.81818182 0.81666667 0.81512605
 0.81355932 0.81196581 0.81896552 0.82608696 0.8245614  0.82300885
 0.83035714 0.83783784 0.83636364 0.83486239 0.84259259 0.8411215
 0.8490566  0.85714286 0.85576923 0.85436893 0.85294118 0.85148515
 0.85       0.84848485 0.84693878 0.84536082 0.84375    0.85263158
 0.86170213 0.86021505 0.85869565 0.85714286 0.86666667 0.86516854
 0.875      0.87356322 0.88372093 0.89411765 0.89285714 0.90361446
 0.90243902 0.90123457 0.9125     0.91139241 0.91025641 0.92207792
 0.92105263 0.92       0.93243243 0.93150685 0.94444444 0.94366197
 0.94285714 0.94202899 0.94117647 0.94029851 0.93939394 0.93846154
 0.953125   0.95238095 0.9516129  0.95081967 0.95       0.96610169
 0.98275862 0.98245614 0.98214286 0.98181818 1.         1.
 1.         1.         1.         1.         1.         1.
 1.         1.         1.         1.         1.         1.
 1.         1.         1.         1.         1.         1.
 1.         1.         1.         1.         1.         1.
 1.         1.         1.         1.         1.         1.
 1.         1.         1.         1.         1.         1.
 1.         1.         1.         1.         1.         1.
 1.         1.         1.         1.         1.         1.
 1.         1.         1.         1.         1.        ]
0.828206042848892
