[1.         0.99484536 0.99484536 0.99484536 0.99484536 0.99484536
 0.99484536 0.99484536 0.99484536 0.99484536 0.99484536 0.99484536
 0.99484536 0.99484536 0.99484536 0.99484536 0.98969072 0.98969072
 0.98969072 0.98969072 0.98969072 0.98969072 0.98453608 0.98453608
 0.98453608 0.98453608 0.98453608 0.98453608 0.98453608 0.98453608
 0.98453608 0.98453608 0.98453608 0.98453608 0.98453608 0.98453608
 0.98453608 0.98453608 0.98453608 0.98453608 0.98453608 0.98453608
 0.98453608 0.98453608 0.98453608 0.98453608 0.98453608 0.98453608
 0.98453608 0.98453608 0.98453608 0.98453608 0.98453608 0.97938144
 0.97938144 0.97938144 0.97938144 0.97938144 0.97938144 0.97938144
 0.97938144 0.97938144 0.97938144 0.97938144 0.97938144 0.97938144
 0.97938144 0.97938144 0.97938144 0.97938144 0.97938144 0.97938144
 0.97938144 0.97938144 0.97938144 0.97938144 0.97938144 0.97938144
 0.97938144 0.97938144 0.97938144 0.97938144 0.97938144 0.97938144
 0.97938144 0.97938144 0.97938144 0.97938144 0.97938144 0.97938144
 0.97938144 0.97938144 0.97938144 0.97938144 0.9742268  0.9742268
 0.9742268  0.9742268  0.9742268  0.9742268  0.96907216 0.96907216
 0.96907216 0.96907216 0.96907216 0.96907216 0.96907216 0.96907216
 0.96907216 0.96907216 0.96907216 0.96907216 0.96907216 0.96391753
 0.96391753 0.95876289 0.95876289 0.95876289 0.95876289 0.95876289
 0.95876289 0.95360825 0.95360825 0.94845361 0.94845361 0.94329897
 0.94329897 0.94329897 0.94329897 0.93814433 0.93298969 0.93298969
 0.93298969 0.93298969 0.93298969 0.93298969 0.93298969 0.93298969
 0.93298969 0.93298969 0.93298969 0.93298969 0.93298969 0.92783505
 0.92783505 0.92268041 0.91752577 0.91752577 0.91752577 0.91752577
 0.91752577 0.91752577 0.91752577 0.91752577 0.91752577 0.91752577
 0.91752577 0.91752577 0.91752577 0.91752577 0.91237113 0.91237113
 0.91237113 0.91237113 0.91237113 0.91237113 0.91237113 0.91237113
 0.91237113 0.91237113 0.91237113 0.91237113 0.91237113 0.91237113
 0.91237113 0.90721649 0.90721649 0.90206186 0.89690722 0.89175258
 0.88659794 0.88659794 0.8814433  0.87628866 0.87113402 0.86597938
 0.86082474 0.8556701  0.8556701  0.85051546 0.84536082 0.84020619
 0.84020619 0.83505155 0.82989691 0.82474227 0.81958763 0.81443299
 0.80927835 0.80412371 0.79896907 0.79381443 0.78865979 0.78350515
 0.77835052 0.77319588 0.76804124 0.7628866  0.75773196 0.75257732
 0.74742268 0.74226804 0.7371134  0.73195876 0.72680412 0.72164948
 0.71649485 0.71134021 0.70618557 0.70103093 0.69587629 0.69072165
 0.68556701 0.68041237 0.67525773 0.67010309 0.66494845 0.65979381
 0.65463918 0.64948454 0.6443299  0.63917526 0.63402062 0.62886598
 0.62371134 0.6185567  0.61340206 0.60824742 0.60309278 0.59793814
 0.59278351 0.58762887 0.58247423 0.57731959 0.57216495 0.56701031
 0.56185567 0.55670103 0.55154639 0.54639175 0.54123711 0.53608247
 0.53092784 0.5257732  0.52061856 0.51546392 0.51030928 0.50515464
 0.5        0.49484536 0.48969072 0.48453608 0.47938144 0.4742268
 0.46907216 0.46391753 0.45876289 0.45360825 0.44845361 0.44329897
 0.43814433 0.43298969 0.42783505 0.42268041 0.41752577 0.41237113
 0.40721649 0.40206186 0.39690722 0.39175258 0.38659794 0.3814433
 0.37628866 0.37113402 0.36597938 0.36082474 0.3556701  0.35051546
 0.34536082 0.34020619 0.33505155 0.32989691 0.32474227 0.31958763
 0.31443299 0.30927835 0.30412371 0.29896907 0.29381443 0.28865979
 0.28350515 0.27835052 0.27319588 0.26804124 0.2628866  0.25773196
 0.25257732 0.24742268 0.24226804 0.2371134  0.23195876 0.22164948
 0.21649485 0.21134021 0.20618557 0.20103093 0.19587629 0.19072165
 0.18556701 0.18041237 0.17525773 0.17010309 0.16494845 0.15979381
 0.15463918 0.1443299  0.13917526 0.13402062 0.12886598 0.12371134
 0.1185567  0.11340206 0.10824742 0.10309278 0.09793814 0.09278351
 0.08762887 0.08247423 0.07731959 0.07216495 0.06701031 0.06185567
 0.05670103 0.05154639 0.04639175 0.04123711 0.03608247 0.03092784
 0.0257732  0.02061856 0.01546392 0.00515464 0.        ]
[0.54647887 0.54519774 0.54674221 0.54829545 0.54985755 0.55142857
 0.5530086  0.5545977  0.55619597 0.55780347 0.55942029 0.56104651
 0.56268222 0.56432749 0.5659824  0.56764706 0.56637168 0.56804734
 0.56973294 0.57142857 0.57313433 0.5748503  0.57357357 0.5753012
 0.57703927 0.57878788 0.58054711 0.58231707 0.58409786 0.58588957
 0.58769231 0.58950617 0.59133127 0.5931677  0.59501558 0.596875
 0.59874608 0.60062893 0.60252366 0.60443038 0.60634921 0.60828025
 0.61022364 0.61217949 0.61414791 0.61612903 0.61812298 0.62012987
 0.62214984 0.62418301 0.62622951 0.62828947 0.63036304 0.62913907
 0.63122924 0.63333333 0.63545151 0.63758389 0.63973064 0.64189189
 0.6440678  0.6462585  0.64846416 0.65068493 0.65292096 0.65517241
 0.65743945 0.65972222 0.66202091 0.66433566 0.66666667 0.66901408
 0.67137809 0.67375887 0.67615658 0.67857143 0.68100358 0.68345324
 0.68592058 0.6884058  0.69090909 0.69343066 0.6959707  0.69852941
 0.70110701 0.7037037  0.7063197  0.70895522 0.71161049 0.71428571
 0.71698113 0.71969697 0.72243346 0.72519084 0.72413793 0.72692308
 0.72972973 0.73255814 0.73540856 0.73828125 0.7372549  0.74015748
 0.743083   0.74603175 0.74900398 0.752      0.75502008 0.75806452
 0.7611336  0.76422764 0.76734694 0.7704918  0.77366255 0.77272727
 0.77593361 0.775      0.77824268 0.78151261 0.78481013 0.78813559
 0.79148936 0.79059829 0.79399142 0.79310345 0.7965368  0.79565217
 0.79912664 0.80263158 0.8061674  0.80530973 0.80444444 0.80803571
 0.81165919 0.81531532 0.81900452 0.82272727 0.82648402 0.83027523
 0.83410138 0.83796296 0.84186047 0.84579439 0.84976526 0.8490566
 0.85308057 0.85238095 0.85167464 0.85576923 0.85990338 0.86407767
 0.86829268 0.87254902 0.87684729 0.88118812 0.88557214 0.89
 0.89447236 0.8989899  0.9035533  0.90816327 0.90769231 0.91237113
 0.91709845 0.921875   0.92670157 0.93157895 0.93650794 0.94148936
 0.94652406 0.9516129  0.95675676 0.96195652 0.96721311 0.97252747
 0.97790055 0.97777778 0.98324022 0.98314607 0.98305085 0.98295455
 0.98285714 0.98850575 0.98843931 0.98837209 0.98830409 0.98823529
 0.98816568 0.98809524 0.99401198 0.9939759  0.99393939 0.99390244
 1.         1.         1.         1.         1.         1.
 1.         1.         1.         1.         1.         1.
 1.         1.         1.         1.         1.         1.
 1.         1.         1.         1.         1.         1.
 1.         1.         1.         1.         1.         1.
 1.         1.         1.         1.         1.         1.
 1.         1.         1.         1.         1.         1.
 1.         1.         1.         1.         1.         1.
 1.         1.         1.         1.         1.         1.
 1.         1.         1.         1.         1.         1.
 1.         1.         1.         1.         1.         1.
 1.         1.         1.         1.         1.         1.
 1.         1.         1.         1.         1.         1.
 1.         1.         1.         1.         1.         1.
 1.         1.         1.         1.         1.         1.
 1.         1.         1.         1.         1.         1.
 1.         1.         1.         1.         1.         1.
 1.         1.         1.         1.         1.         1.
 1.         1.         1.         1.         1.         1.
 1.         1.         1.         1.         1.         1.
 1.         1.         1.         1.         1.         1.
 1.         1.         1.         1.         1.         1.
 1.         1.         1.         1.         1.         1.
 1.         1.         1.         1.         1.         1.
 1.         1.         1.         1.         1.         1.
 1.         1.         1.         1.         1.         1.
 1.         1.         1.         1.         1.        ]
0.9773790412266641
