[0.         0.         0.         0.00581395 0.00581395 0.01162791
 0.01162791 0.01744186 0.01744186 0.02906977 0.02906977 0.04651163
 0.04651163 0.05232558 0.05232558 0.06395349 0.06395349 0.08139535
 0.08139535 0.09883721 0.09883721 0.11627907 0.11627907 0.12790698
 0.12790698 0.13372093 0.13372093 0.13953488 0.13953488 0.15697674
 0.15697674 0.16860465 0.16860465 0.1744186  0.1744186  0.18604651
 0.18604651 0.19186047 0.19186047 0.19767442 0.19767442 0.22093023
 0.22093023 0.23837209 0.23837209 0.27906977 0.27906977 0.28488372
 0.28488372 0.29651163 0.29651163 0.31395349 0.31395349 0.31976744
 0.31976744 0.3255814  0.3255814  0.34302326 0.34302326 0.38372093
 0.38372093 0.40697674 0.40697674 0.4127907  0.4127907  0.4244186
 0.4244186  0.44186047 0.44186047 0.45348837 0.45348837 0.50581395
 0.50581395 0.51744186 0.51744186 0.52325581 0.52325581 0.52906977
 0.52906977 0.54069767 0.54069767 0.59302326 0.59302326 0.59883721
 0.59883721 0.60465116 0.60465116 0.61046512 0.61046512 0.62790698
 0.62790698 0.64534884 0.64534884 0.65116279 0.65116279 0.68023256
 0.68023256 0.68604651 0.68604651 0.70930233 0.70930233 0.72093023
 0.72093023 0.77325581 0.77325581 0.79069767 0.79069767 0.81395349
 0.81395349 0.86046512 0.86046512 0.87209302 0.87209302 0.9127907
 0.9127907  0.98255814 0.98255814 1.        ]
[0.         0.00581395 0.23837209 0.23837209 0.37790698 0.37790698
 0.4244186  0.4244186  0.43604651 0.43604651 0.47093023 0.47093023
 0.47674419 0.47674419 0.49418605 0.49418605 0.50581395 0.50581395
 0.54651163 0.54651163 0.56395349 0.56395349 0.56976744 0.56976744
 0.58139535 0.58139535 0.5872093  0.5872093  0.61627907 0.61627907
 0.62209302 0.62209302 0.62790698 0.62790698 0.64534884 0.64534884
 0.65697674 0.65697674 0.6627907  0.6627907  0.66860465 0.66860465
 0.68023256 0.68023256 0.70930233 0.70930233 0.71511628 0.71511628
 0.73255814 0.73255814 0.76162791 0.76162791 0.76744186 0.76744186
 0.77325581 0.77325581 0.77906977 0.77906977 0.78488372 0.78488372
 0.79069767 0.79069767 0.80232558 0.80232558 0.80813953 0.80813953
 0.81395349 0.81395349 0.81976744 0.81976744 0.8372093  0.8372093
 0.84302326 0.84302326 0.84883721 0.84883721 0.85465116 0.85465116
 0.86046512 0.86046512 0.86627907 0.86627907 0.87790698 0.87790698
 0.88372093 0.88372093 0.88953488 0.88953488 0.89534884 0.89534884
 0.90116279 0.90116279 0.90697674 0.90697674 0.9244186  0.9244186
 0.93604651 0.93604651 0.94767442 0.94767442 0.95348837 0.95348837
 0.95930233 0.95930233 0.96511628 0.96511628 0.97093023 0.97093023
 0.97674419 0.97674419 0.98255814 0.98255814 0.98837209 0.98837209
 0.99418605 0.99418605 1.         1.        ]
0.8089845862628446
