[1.         0.99484536 0.99484536 0.99484536 0.99484536 0.99484536
 0.99484536 0.99484536 0.99484536 0.99484536 0.99484536 0.99484536
 0.99484536 0.99484536 0.99484536 0.99484536 0.99484536 0.99484536
 0.99484536 0.99484536 0.99484536 0.99484536 0.99484536 0.99484536
 0.99484536 0.99484536 0.99484536 0.99484536 0.99484536 0.99484536
 0.99484536 0.99484536 0.99484536 0.99484536 0.99484536 0.99484536
 0.99484536 0.99484536 0.99484536 0.99484536 0.99484536 0.99484536
 0.99484536 0.99484536 0.98969072 0.98969072 0.98969072 0.98453608
 0.98453608 0.98453608 0.98453608 0.98453608 0.98453608 0.98453608
 0.98453608 0.98453608 0.98453608 0.98453608 0.98453608 0.98453608
 0.98453608 0.98453608 0.98453608 0.98453608 0.98453608 0.98453608
 0.98453608 0.98453608 0.98453608 0.98453608 0.98453608 0.98453608
 0.98453608 0.98453608 0.98453608 0.98453608 0.98453608 0.98453608
 0.98453608 0.98453608 0.98453608 0.98453608 0.98453608 0.98453608
 0.98453608 0.98453608 0.98453608 0.98453608 0.98453608 0.98453608
 0.98453608 0.98453608 0.98453608 0.97938144 0.97938144 0.97938144
 0.97938144 0.97938144 0.97938144 0.97938144 0.97938144 0.97938144
 0.97938144 0.97938144 0.97938144 0.97938144 0.9742268  0.9742268
 0.9742268  0.9742268  0.96907216 0.96907216 0.96907216 0.96391753
 0.96391753 0.96391753 0.96391753 0.96391753 0.95876289 0.95876289
 0.95876289 0.95876289 0.95876289 0.95876289 0.95876289 0.95360825
 0.95360825 0.95360825 0.95360825 0.95360825 0.95360825 0.95360825
 0.95360825 0.94845361 0.94329897 0.94329897 0.94329897 0.94329897
 0.94329897 0.94329897 0.94329897 0.94329897 0.94329897 0.94329897
 0.94329897 0.94329897 0.93814433 0.93814433 0.93814433 0.93814433
 0.93298969 0.93298969 0.93298969 0.92783505 0.92783505 0.92268041
 0.92268041 0.92268041 0.92268041 0.92268041 0.91752577 0.91752577
 0.91752577 0.91752577 0.91752577 0.91752577 0.91752577 0.91752577
 0.91752577 0.91752577 0.91752577 0.91752577 0.91237113 0.91237113
 0.91237113 0.91237113 0.91237113 0.91237113 0.91237113 0.91237113
 0.91237113 0.90721649 0.90721649 0.90721649 0.90721649 0.90721649
 0.90206186 0.90206186 0.90206186 0.90206186 0.90206186 0.89690722
 0.89690722 0.89690722 0.89690722 0.89690722 0.89175258 0.89175258
 0.89175258 0.88659794 0.8814433  0.87628866 0.87113402 0.87113402
 0.86597938 0.86597938 0.86082474 0.8556701  0.85051546 0.85051546
 0.84536082 0.84020619 0.83505155 0.83505155 0.82989691 0.82474227
 0.81958763 0.81958763 0.81443299 0.80927835 0.80412371 0.79896907
 0.79381443 0.78865979 0.78350515 0.77835052 0.77319588 0.76804124
 0.7628866  0.75773196 0.75257732 0.74742268 0.74226804 0.7371134
 0.73195876 0.72680412 0.72164948 0.71649485 0.71134021 0.70618557
 0.70103093 0.69587629 0.69587629 0.69072165 0.68556701 0.68041237
 0.67525773 0.67010309 0.66494845 0.65979381 0.65463918 0.64948454
 0.6443299  0.63917526 0.63402062 0.62886598 0.62371134 0.6185567
 0.61340206 0.60824742 0.60309278 0.59793814 0.59278351 0.58762887
 0.58247423 0.57731959 0.57216495 0.56701031 0.56185567 0.55670103
 0.55154639 0.54639175 0.54123711 0.53608247 0.53092784 0.5257732
 0.52061856 0.51546392 0.51030928 0.50515464 0.5        0.49484536
 0.48969072 0.48453608 0.47938144 0.4742268  0.46907216 0.46391753
 0.45876289 0.45360825 0.44845361 0.44329897 0.43814433 0.43298969
 0.42783505 0.42268041 0.41752577 0.41237113 0.40721649 0.40206186
 0.39690722 0.39175258 0.38659794 0.3814433  0.37628866 0.37113402
 0.36597938 0.36082474 0.3556701  0.35051546 0.34536082 0.34020619
 0.33505155 0.32989691 0.32474227 0.31958763 0.31443299 0.30927835
 0.30412371 0.29896907 0.29381443 0.28865979 0.28350515 0.27835052
 0.27319588 0.26804124 0.2628866  0.25773196 0.25257732 0.24742268
 0.24226804 0.2371134  0.23195876 0.22680412 0.22164948 0.21649485
 0.21134021 0.20618557 0.20103093 0.19587629 0.19072165 0.18556701
 0.18041237 0.17525773 0.17010309 0.16494845 0.15979381 0.15463918
 0.14948454 0.1443299  0.13917526 0.13402062 0.12886598 0.12371134
 0.1185567  0.11340206 0.10824742 0.10309278 0.09793814 0.09278351
 0.08762887 0.08247423 0.07731959 0.07216495 0.06701031 0.06185567
 0.05670103 0.05154639 0.04639175 0.04123711 0.03608247 0.03092784
 0.0257732  0.02061856 0.01546392 0.01030928 0.00515464 0.        ]
[0.51458886 0.51329787 0.51466667 0.51604278 0.51742627 0.5188172
 0.52021563 0.52162162 0.52303523 0.52445652 0.52588556 0.5273224
 0.52876712 0.53021978 0.53168044 0.53314917 0.53462604 0.53611111
 0.53760446 0.53910615 0.54061625 0.54213483 0.54366197 0.54519774
 0.54674221 0.54829545 0.54985755 0.55142857 0.5530086  0.5545977
 0.55619597 0.55780347 0.55942029 0.56104651 0.56268222 0.56432749
 0.5659824  0.56764706 0.56932153 0.57100592 0.5727003  0.57440476
 0.5761194  0.57784431 0.57657658 0.57831325 0.58006042 0.57878788
 0.58054711 0.58231707 0.58409786 0.58588957 0.58769231 0.58950617
 0.59133127 0.5931677  0.59501558 0.596875   0.59874608 0.60062893
 0.60252366 0.60443038 0.60634921 0.60828025 0.61022364 0.61217949
 0.61414791 0.61612903 0.61812298 0.62012987 0.62214984 0.62418301
 0.62622951 0.62828947 0.63036304 0.63245033 0.6345515  0.63666667
 0.63879599 0.6409396  0.64309764 0.64527027 0.64745763 0.64965986
 0.65187713 0.65410959 0.65635739 0.65862069 0.66089965 0.66319444
 0.66550523 0.66783217 0.67017544 0.66901408 0.67137809 0.67375887
 0.67615658 0.67857143 0.68100358 0.68345324 0.68592058 0.6884058
 0.69090909 0.69343066 0.6959707  0.69852941 0.69741697 0.7
 0.70260223 0.70522388 0.70411985 0.70676692 0.70943396 0.70833333
 0.71102662 0.71374046 0.7164751  0.71923077 0.71814672 0.72093023
 0.72373541 0.7265625  0.72941176 0.73228346 0.73517787 0.73412698
 0.73705179 0.74       0.74297189 0.74596774 0.74898785 0.75203252
 0.75510204 0.75409836 0.75308642 0.75619835 0.7593361  0.7625
 0.76569038 0.76890756 0.7721519  0.77542373 0.7787234  0.78205128
 0.78540773 0.7887931  0.78787879 0.79130435 0.79475983 0.79824561
 0.79735683 0.80088496 0.80444444 0.80357143 0.80717489 0.80630631
 0.80995475 0.81363636 0.8173516  0.82110092 0.8202765  0.82407407
 0.82790698 0.8317757  0.83568075 0.83962264 0.8436019  0.84761905
 0.85167464 0.85576923 0.85990338 0.86407767 0.86341463 0.86764706
 0.87192118 0.87623762 0.88059701 0.885      0.88944724 0.89393939
 0.89847716 0.89795918 0.9025641  0.90721649 0.9119171  0.91666667
 0.91623037 0.92105263 0.92592593 0.93085106 0.93582888 0.93548387
 0.94054054 0.94565217 0.95081967 0.95604396 0.9558011  0.96111111
 0.96648045 0.96629213 0.96610169 0.96590909 0.96571429 0.97126437
 0.97109827 0.97674419 0.97660819 0.97647059 0.97633136 0.98214286
 0.98203593 0.98192771 0.98181818 0.98780488 0.98773006 0.98765432
 0.98757764 0.99375    0.99371069 0.99367089 0.99363057 0.99358974
 0.99354839 0.99350649 0.99346405 0.99342105 0.99337748 0.99333333
 0.99328859 0.99324324 0.99319728 0.99315068 0.99310345 0.99305556
 0.99300699 0.99295775 0.9929078  0.99285714 0.99280576 0.99275362
 0.99270073 0.99264706 1.         1.         1.         1.
 1.         1.         1.         1.         1.         1.
 1.         1.         1.         1.         1.         1.
 1.         1.         1.         1.         1.         1.
 1.         1.         1.         1.         1.         1.
 1.         1.         1.         1.         1.         1.
 1.         1.         1.         1.         1.         1.
 1.         1.         1.         1.         1.         1.
 1.         1.         1.         1.         1.         1.
 1.         1.         1.         1.         1.         1.
 1.         1.         1.         1.         1.         1.
 1.         1.         1.         1.         1.         1.
 1.         1.         1.         1.         1.         1.
 1.         1.         1.         1.         1.         1.
 1.         1.         1.         1.         1.         1.
 1.         1.         1.         1.         1.         1.
 1.         1.         1.         1.         1.         1.
 1.         1.         1.         1.         1.         1.
 1.         1.         1.         1.         1.         1.
 1.         1.         1.         1.         1.         1.
 1.         1.         1.         1.         1.         1.
 1.         1.         1.         1.         1.         1.
 1.         1.         1.         1.         1.         1.        ]
0.9717707028952904
