[0.         0.         0.         0.00581395 0.00581395 0.01162791
 0.01162791 0.01744186 0.01744186 0.02325581 0.02325581 0.03488372
 0.03488372 0.04069767 0.04069767 0.05232558 0.05232558 0.05813953
 0.05813953 0.06395349 0.06395349 0.06976744 0.06976744 0.08139535
 0.08139535 0.11046512 0.11046512 0.12209302 0.12209302 0.13372093
 0.13372093 0.13953488 0.13953488 0.15116279 0.15116279 0.1627907
 0.1627907  0.16860465 0.16860465 0.1744186  0.1744186  0.18604651
 0.18604651 0.19767442 0.19767442 0.20348837 0.20348837 0.20930233
 0.20930233 0.21511628 0.21511628 0.22093023 0.22093023 0.23837209
 0.23837209 0.25       0.25       0.25581395 0.25581395 0.26162791
 0.26162791 0.26744186 0.26744186 0.27325581 0.27325581 0.27906977
 0.27906977 0.28488372 0.28488372 0.29069767 0.29069767 0.30232558
 0.30232558 0.31395349 0.31395349 0.31976744 0.31976744 0.34883721
 0.34883721 0.35465116 0.35465116 0.36627907 0.36627907 0.37790698
 0.37790698 0.38372093 0.38372093 0.40697674 0.40697674 0.4127907
 0.4127907  0.41860465 0.41860465 0.43604651 0.43604651 0.44767442
 0.44767442 0.5        0.5        0.5755814  0.5755814  0.65697674
 0.65697674 0.69186047 0.69186047 0.73255814 0.73255814 0.85465116
 0.85465116 0.88372093 0.88372093 0.9127907  0.9127907  0.93604651
 0.93604651 0.97674419 0.97674419 1.        ]
[0.         0.00581395 0.34883721 0.34883721 0.38372093 0.38372093
 0.38953488 0.38953488 0.40697674 0.40697674 0.4127907  0.4127907
 0.4244186  0.4244186  0.43023256 0.43023256 0.44186047 0.44186047
 0.45348837 0.45348837 0.45930233 0.45930233 0.46511628 0.46511628
 0.48255814 0.48255814 0.50581395 0.50581395 0.54069767 0.54069767
 0.56976744 0.56976744 0.5872093  0.5872093  0.59883721 0.59883721
 0.60465116 0.60465116 0.61046512 0.61046512 0.63372093 0.63372093
 0.6744186  0.6744186  0.68023256 0.68023256 0.68604651 0.68604651
 0.72093023 0.72093023 0.73255814 0.73255814 0.74418605 0.74418605
 0.75       0.75       0.75581395 0.75581395 0.76162791 0.76162791
 0.76744186 0.76744186 0.78488372 0.78488372 0.79069767 0.79069767
 0.80813953 0.80813953 0.81395349 0.81395349 0.81976744 0.81976744
 0.8255814  0.8255814  0.83139535 0.83139535 0.8372093  0.8372093
 0.84302326 0.84302326 0.85465116 0.85465116 0.87209302 0.87209302
 0.87790698 0.87790698 0.88372093 0.88372093 0.90116279 0.90116279
 0.90697674 0.90697674 0.9127907  0.9127907  0.91860465 0.91860465
 0.9244186  0.9244186  0.93023256 0.93023256 0.94186047 0.94186047
 0.95930233 0.95930233 0.96511628 0.96511628 0.97093023 0.97093023
 0.97674419 0.97674419 0.98255814 0.98255814 0.98837209 0.98837209
 0.99418605 0.99418605 1.         1.        ]
0.8363304488912926
