[0.         0.         0.         0.00581395 0.00581395 0.01162791
 0.01162791 0.01744186 0.01744186 0.02325581 0.02325581 0.02906977
 0.02906977 0.04651163 0.04651163 0.05232558 0.05232558 0.05813953
 0.05813953 0.06976744 0.06976744 0.08139535 0.08139535 0.0872093
 0.0872093  0.09302326 0.09302326 0.09883721 0.09883721 0.10465116
 0.10465116 0.11046512 0.11046512 0.11627907 0.11627907 0.12209302
 0.12209302 0.12790698 0.12790698 0.13953488 0.13953488 0.14534884
 0.14534884 0.15697674 0.15697674 0.1627907  0.1627907  0.1744186
 0.1744186  0.18023256 0.18023256 0.18604651 0.18604651 0.19186047
 0.19186047 0.19767442 0.19767442 0.21511628 0.21511628 0.22674419
 0.22674419 0.23255814 0.23255814 0.23837209 0.23837209 0.25
 0.25       0.25581395 0.25581395 0.26162791 0.26162791 0.26744186
 0.26744186 0.27325581 0.27325581 0.27906977 0.27906977 0.28488372
 0.28488372 0.29069767 0.29069767 0.31976744 0.31976744 0.3255814
 0.3255814  0.34302326 0.34302326 0.43023256 0.43023256 0.44767442
 0.44767442 0.45348837 0.45348837 0.46511628 0.46511628 0.48837209
 0.48837209 0.49418605 0.49418605 0.50581395 0.50581395 0.51162791
 0.51162791 0.55813953 0.55813953 0.56395349 0.56395349 0.6744186
 0.6744186  0.75       0.75       0.77906977 0.77906977 0.79651163
 0.79651163 0.80232558 0.80232558 0.86627907 0.86627907 0.87790698
 0.87790698 0.91860465 0.91860465 0.97093023 0.97093023 1.        ]
[0.         0.00581395 0.29069767 0.29069767 0.30813953 0.30813953
 0.34302326 0.34302326 0.38372093 0.38372093 0.4127907  0.4127907
 0.43023256 0.43023256 0.46511628 0.46511628 0.47674419 0.47674419
 0.48255814 0.48255814 0.49418605 0.49418605 0.52325581 0.52325581
 0.52906977 0.52906977 0.53488372 0.53488372 0.55813953 0.55813953
 0.56395349 0.56395349 0.5755814  0.5755814  0.59302326 0.59302326
 0.60465116 0.60465116 0.62790698 0.62790698 0.63372093 0.63372093
 0.63953488 0.63953488 0.64534884 0.64534884 0.65697674 0.65697674
 0.6627907  0.6627907  0.6744186  0.6744186  0.68023256 0.68023256
 0.69186047 0.69186047 0.70348837 0.70348837 0.70930233 0.70930233
 0.72674419 0.72674419 0.73837209 0.73837209 0.75581395 0.75581395
 0.76162791 0.76162791 0.76744186 0.76744186 0.77325581 0.77325581
 0.79069767 0.79069767 0.83139535 0.83139535 0.8372093  0.8372093
 0.84302326 0.84302326 0.85465116 0.85465116 0.86046512 0.86046512
 0.86627907 0.86627907 0.87209302 0.87209302 0.88372093 0.88372093
 0.88953488 0.88953488 0.90697674 0.90697674 0.9127907  0.9127907
 0.91860465 0.91860465 0.9244186  0.9244186  0.93023256 0.93023256
 0.93604651 0.93604651 0.94186047 0.94186047 0.94767442 0.94767442
 0.95348837 0.95348837 0.95930233 0.95930233 0.96511628 0.96511628
 0.97093023 0.97093023 0.97674419 0.97674419 0.98255814 0.98255814
 0.98837209 0.98837209 0.99418605 0.99418605 1.         1.        ]
0.8426852352623039
