[0.         0.         0.         0.00581395 0.00581395 0.01162791
 0.01162791 0.01744186 0.01744186 0.02325581 0.02325581 0.02906977
 0.02906977 0.03488372 0.03488372 0.04651163 0.04651163 0.05232558
 0.05232558 0.06395349 0.06395349 0.06976744 0.06976744 0.0755814
 0.0755814  0.09302326 0.09302326 0.09883721 0.09883721 0.10465116
 0.10465116 0.11046512 0.11046512 0.12209302 0.12209302 0.12790698
 0.12790698 0.13953488 0.13953488 0.14534884 0.14534884 0.15116279
 0.15116279 0.15697674 0.15697674 0.1627907  0.1627907  0.16860465
 0.16860465 0.18023256 0.18023256 0.19186047 0.19186047 0.20930233
 0.20930233 0.22093023 0.22093023 0.23255814 0.23255814 0.23837209
 0.23837209 0.25       0.25       0.25581395 0.25581395 0.26162791
 0.26162791 0.27325581 0.27325581 0.27906977 0.27906977 0.28488372
 0.28488372 0.29651163 0.29651163 0.31395349 0.31395349 0.3372093
 0.3372093  0.37209302 0.37209302 0.38372093 0.38372093 0.4127907
 0.4127907  0.41860465 0.41860465 0.4244186  0.4244186  0.43023256
 0.43023256 0.43604651 0.43604651 0.44767442 0.44767442 0.45348837
 0.45348837 0.5        0.5        0.52906977 0.52906977 0.59302326
 0.59302326 0.69186047 0.69186047 0.73255814 0.73255814 0.74418605
 0.74418605 0.79069767 0.79069767 0.81395349 0.81395349 0.8372093
 0.8372093  0.88953488 0.88953488 0.90697674 0.90697674 0.97093023
 0.97093023 1.        ]
[0.         0.00581395 0.11627907 0.11627907 0.15697674 0.15697674
 0.25       0.25       0.39534884 0.39534884 0.40697674 0.40697674
 0.43604651 0.43604651 0.46511628 0.46511628 0.48255814 0.48255814
 0.48837209 0.48837209 0.49418605 0.49418605 0.50581395 0.50581395
 0.51162791 0.51162791 0.52906977 0.52906977 0.54651163 0.54651163
 0.56395349 0.56395349 0.56976744 0.56976744 0.59302326 0.59302326
 0.60465116 0.60465116 0.61046512 0.61046512 0.62790698 0.62790698
 0.65697674 0.65697674 0.6627907  0.6627907  0.66860465 0.66860465
 0.69186047 0.69186047 0.69767442 0.69767442 0.70930233 0.70930233
 0.71511628 0.71511628 0.72093023 0.72093023 0.74418605 0.74418605
 0.75       0.75       0.76744186 0.76744186 0.77325581 0.77325581
 0.78488372 0.78488372 0.79069767 0.79069767 0.80813953 0.80813953
 0.81395349 0.81395349 0.8372093  0.8372093  0.84883721 0.84883721
 0.85465116 0.85465116 0.86046512 0.86046512 0.87209302 0.87209302
 0.88372093 0.88372093 0.88953488 0.88953488 0.89534884 0.89534884
 0.90116279 0.90116279 0.90697674 0.90697674 0.9244186  0.9244186
 0.93023256 0.93023256 0.93604651 0.93604651 0.94186047 0.94186047
 0.94767442 0.94767442 0.95348837 0.95348837 0.95930233 0.95930233
 0.96511628 0.96511628 0.97093023 0.97093023 0.97674419 0.97674419
 0.98255814 0.98255814 0.98837209 0.98837209 0.99418605 0.99418605
 1.         1.        ]
0.8414007571660357
