[0.         0.         0.         0.         0.         0.
 0.         0.         0.         0.00515464 0.00515464 0.01546392
 0.01546392 0.02061856 0.02061856 0.04639175 0.04639175 0.07216495
 0.07216495 0.19587629 0.19587629 0.22680412 0.22680412 0.23195876
 0.23195876 0.24226804 0.24226804 0.2628866  0.2628866  0.26804124
 0.26804124 0.28350515 0.28350515 0.32989691 0.32989691 0.36597938
 0.36597938 0.3814433  0.3814433  0.60309278 0.60309278 0.69072165
 0.69072165 0.75257732 0.75257732 0.8556701  0.8556701  1.        ]
[0.         0.00515464 0.0257732  0.03608247 0.32474227 0.33505155
 0.51546392 0.5257732  0.77319588 0.77319588 0.8556701  0.8556701
 0.86597938 0.86597938 0.89690722 0.89690722 0.90721649 0.90721649
 0.91752577 0.91752577 0.92268041 0.92268041 0.92783505 0.92783505
 0.93814433 0.93814433 0.94329897 0.94329897 0.95360825 0.95360825
 0.95876289 0.95876289 0.96391753 0.96391753 0.96907216 0.96907216
 0.9742268  0.9742268  0.97938144 0.97938144 0.98453608 0.98453608
 0.98969072 0.98969072 0.99484536 0.99484536 1.         1.        ]
0.9656711659049846
