[1.         0.99418605 0.99418605 0.99418605 0.99418605 0.99418605
 0.99418605 0.99418605 0.99418605 0.99418605 0.99418605 0.98837209
 0.98837209 0.98837209 0.98837209 0.98837209 0.98837209 0.98837209
 0.98837209 0.98255814 0.98255814 0.98255814 0.97674419 0.97674419
 0.97674419 0.97674419 0.97674419 0.97674419 0.97674419 0.97674419
 0.97674419 0.97674419 0.97674419 0.97674419 0.97093023 0.97093023
 0.96511628 0.96511628 0.96511628 0.96511628 0.95930233 0.95930233
 0.95930233 0.95930233 0.95930233 0.95930233 0.95348837 0.95348837
 0.95348837 0.95348837 0.95348837 0.95348837 0.95348837 0.95348837
 0.95348837 0.95348837 0.95348837 0.95348837 0.95348837 0.95348837
 0.94767442 0.94767442 0.94767442 0.94767442 0.94767442 0.94767442
 0.94767442 0.94767442 0.94767442 0.94767442 0.94767442 0.94767442
 0.94767442 0.94767442 0.94767442 0.94767442 0.94767442 0.94767442
 0.94767442 0.94767442 0.94186047 0.94186047 0.93604651 0.93604651
 0.93604651 0.93604651 0.93604651 0.93604651 0.93604651 0.93604651
 0.93604651 0.93023256 0.93023256 0.9244186  0.9244186  0.9244186
 0.91860465 0.91860465 0.9127907  0.9127907  0.9127907  0.9127907
 0.9127907  0.90697674 0.90697674 0.90697674 0.90116279 0.89534884
 0.88953488 0.88953488 0.88372093 0.88372093 0.88372093 0.88372093
 0.87790698 0.87209302 0.87209302 0.87209302 0.87209302 0.87209302
 0.87209302 0.87209302 0.87209302 0.87209302 0.87209302 0.87209302
 0.87209302 0.87209302 0.87209302 0.87209302 0.87209302 0.86627907
 0.86627907 0.86627907 0.86627907 0.86046512 0.86046512 0.85465116
 0.85465116 0.85465116 0.85465116 0.85465116 0.85465116 0.84883721
 0.84302326 0.84302326 0.8372093  0.8372093  0.83139535 0.83139535
 0.8255814  0.81976744 0.81395349 0.80813953 0.80232558 0.79651163
 0.79069767 0.79069767 0.78488372 0.77906977 0.77325581 0.77325581
 0.76744186 0.76744186 0.76162791 0.76162791 0.75581395 0.75581395
 0.75581395 0.75       0.74418605 0.73837209 0.73837209 0.73255814
 0.72674419 0.72674419 0.72093023 0.71511628 0.70930233 0.70930233
 0.70930233 0.70348837 0.70348837 0.70348837 0.70348837 0.69767442
 0.69186047 0.69186047 0.68604651 0.68023256 0.68023256 0.6744186
 0.6744186  0.66860465 0.6627907  0.6627907  0.65697674 0.65697674
 0.65697674 0.65116279 0.64534884 0.64534884 0.63953488 0.63953488
 0.63953488 0.63372093 0.63372093 0.62790698 0.62790698 0.62790698
 0.62209302 0.61627907 0.61046512 0.60465116 0.60465116 0.59883721
 0.59302326 0.59302326 0.5872093  0.58139535 0.5755814  0.5755814
 0.56976744 0.56395349 0.56395349 0.55813953 0.55813953 0.55232558
 0.54651163 0.54069767 0.53488372 0.53488372 0.52906977 0.52906977
 0.52325581 0.52325581 0.51744186 0.51162791 0.50581395 0.5
 0.49418605 0.49418605 0.49418605 0.48837209 0.48255814 0.48255814
 0.48255814 0.47674419 0.47674419 0.47093023 0.46511628 0.46511628
 0.45930233 0.45348837 0.44767442 0.44186047 0.43604651 0.43023256
 0.43023256 0.43023256 0.43023256 0.4244186  0.41860465 0.4127907
 0.4127907  0.40697674 0.40116279 0.39534884 0.38953488 0.38372093
 0.38372093 0.37790698 0.37209302 0.36627907 0.36046512 0.35465116
 0.34883721 0.34302326 0.34302326 0.3372093  0.33139535 0.3255814
 0.31976744 0.31395349 0.30813953 0.30813953 0.30232558 0.29651163
 0.29069767 0.29069767 0.28488372 0.27906977 0.27325581 0.26744186
 0.26162791 0.25581395 0.25       0.24418605 0.23837209 0.23255814
 0.22674419 0.22093023 0.21511628 0.20930233 0.20348837 0.19767442
 0.19186047 0.18604651 0.18023256 0.1744186  0.16860465 0.1627907
 0.15697674 0.15116279 0.14534884 0.13953488 0.13372093 0.12790698
 0.12209302 0.11627907 0.11046512 0.10465116 0.09883721 0.09302326
 0.0872093  0.08139535 0.0755814  0.06976744 0.06395349 0.05813953
 0.05232558 0.04651163 0.04069767 0.03488372 0.02906977 0.02325581
 0.01744186 0.01162791 0.00581395 0.        ]
[0.50737463 0.50591716 0.5074184  0.50892857 0.51044776 0.51197605
 0.51351351 0.51506024 0.51661631 0.51818182 0.51975684 0.51829268
 0.51987768 0.52147239 0.52307692 0.52469136 0.52631579 0.52795031
 0.52959502 0.528125   0.52978056 0.53144654 0.52996845 0.53164557
 0.53333333 0.53503185 0.53674121 0.53846154 0.54019293 0.54193548
 0.54368932 0.54545455 0.54723127 0.54901961 0.54754098 0.54934211
 0.54785479 0.54966887 0.55149502 0.55333333 0.55183946 0.55369128
 0.55555556 0.55743243 0.55932203 0.56122449 0.55972696 0.56164384
 0.56357388 0.56551724 0.56747405 0.56944444 0.57142857 0.57342657
 0.5754386  0.57746479 0.5795053  0.58156028 0.58362989 0.58571429
 0.58422939 0.58633094 0.58844765 0.59057971 0.59272727 0.59489051
 0.5970696  0.59926471 0.60147601 0.6037037  0.60594796 0.60820896
 0.61048689 0.61278195 0.61509434 0.61742424 0.61977186 0.6221374
 0.62452107 0.62692308 0.62548263 0.62790698 0.62645914 0.62890625
 0.63137255 0.63385827 0.63636364 0.63888889 0.64143426 0.644
 0.64658635 0.64516129 0.64777328 0.64634146 0.64897959 0.65163934
 0.65020576 0.65289256 0.65145228 0.65416667 0.65690377 0.65966387
 0.66244726 0.66101695 0.66382979 0.66666667 0.66523605 0.6637931
 0.66233766 0.66521739 0.66375546 0.66666667 0.66960352 0.67256637
 0.67111111 0.66964286 0.67264574 0.67567568 0.67873303 0.68181818
 0.68493151 0.68807339 0.69124424 0.69444444 0.69767442 0.70093458
 0.70422535 0.70754717 0.71090047 0.71428571 0.71770335 0.71634615
 0.71980676 0.72330097 0.72682927 0.7254902  0.72906404 0.72772277
 0.73134328 0.735      0.73869347 0.74242424 0.74619289 0.74489796
 0.74358974 0.74742268 0.74611399 0.75       0.7486911  0.75263158
 0.75132275 0.75       0.7486631  0.74731183 0.74594595 0.74456522
 0.7431694  0.74725275 0.74585635 0.74444444 0.74301676 0.74719101
 0.74576271 0.75       0.74857143 0.75287356 0.75144509 0.75581395
 0.76023392 0.75882353 0.75739645 0.75595238 0.76047904 0.75903614
 0.75757576 0.76219512 0.7607362  0.75925926 0.75776398 0.7625
 0.7672956  0.76582278 0.77070064 0.77564103 0.78064516 0.77922078
 0.77777778 0.78289474 0.78145695 0.78       0.7852349  0.78378378
 0.78911565 0.78767123 0.7862069  0.79166667 0.79020979 0.79577465
 0.80141844 0.8        0.79856115 0.80434783 0.80291971 0.80882353
 0.81481481 0.81343284 0.81954887 0.81818182 0.82442748 0.83076923
 0.82945736 0.828125   0.82677165 0.82539683 0.832      0.83064516
 0.82926829 0.83606557 0.83471074 0.83333333 0.83193277 0.83898305
 0.83760684 0.8362069  0.84347826 0.84210526 0.84955752 0.84821429
 0.84684685 0.84545455 0.8440367  0.85185185 0.85046729 0.85849057
 0.85714286 0.86538462 0.86407767 0.8627451  0.86138614 0.86
 0.85858586 0.86734694 0.87628866 0.875      0.87368421 0.88297872
 0.89247312 0.89130435 0.9010989  0.9        0.8988764  0.90909091
 0.90804598 0.90697674 0.90588235 0.9047619  0.90361446 0.90243902
 0.91358025 0.925      0.93670886 0.93589744 0.93506494 0.93421053
 0.94666667 0.94594595 0.94520548 0.94444444 0.94366197 0.94285714
 0.95652174 0.95588235 0.95522388 0.95454545 0.95384615 0.953125
 0.95238095 0.9516129  0.96721311 0.96666667 0.96610169 0.96551724
 0.96491228 0.96428571 0.96363636 0.98148148 0.98113208 0.98076923
 0.98039216 1.         1.         1.         1.         1.
 1.         1.         1.         1.         1.         1.
 1.         1.         1.         1.         1.         1.
 1.         1.         1.         1.         1.         1.
 1.         1.         1.         1.         1.         1.
 1.         1.         1.         1.         1.         1.
 1.         1.         1.         1.         1.         1.
 1.         1.         1.         1.         1.         1.
 1.         1.         1.         1.        ]
0.85880009044164
