[1.         0.99418605 0.99418605 0.99418605 0.99418605 0.98837209
 0.98837209 0.98837209 0.98255814 0.98255814 0.98255814 0.98255814
 0.98255814 0.98255814 0.98255814 0.98255814 0.97674419 0.97674419
 0.97674419 0.97674419 0.97674419 0.97674419 0.97674419 0.97674419
 0.97674419 0.97674419 0.97674419 0.97674419 0.97674419 0.97674419
 0.97674419 0.97674419 0.97674419 0.97674419 0.97674419 0.97674419
 0.97093023 0.97093023 0.97093023 0.97093023 0.97093023 0.97093023
 0.96511628 0.96511628 0.96511628 0.96511628 0.96511628 0.96511628
 0.95930233 0.95930233 0.95930233 0.95930233 0.95930233 0.95930233
 0.95930233 0.95348837 0.95348837 0.95348837 0.95348837 0.95348837
 0.95348837 0.95348837 0.95348837 0.95348837 0.95348837 0.94767442
 0.94767442 0.94767442 0.94186047 0.93604651 0.93604651 0.93604651
 0.93023256 0.93023256 0.93023256 0.9244186  0.91860465 0.91860465
 0.91860465 0.91860465 0.9127907  0.9127907  0.90697674 0.90697674
 0.90116279 0.90116279 0.89534884 0.89534884 0.89534884 0.88953488
 0.88953488 0.88372093 0.88372093 0.88372093 0.88372093 0.87790698
 0.87209302 0.87209302 0.86627907 0.86627907 0.86627907 0.86627907
 0.86046512 0.85465116 0.85465116 0.85465116 0.85465116 0.85465116
 0.85465116 0.85465116 0.85465116 0.85465116 0.85465116 0.85465116
 0.85465116 0.85465116 0.85465116 0.85465116 0.84883721 0.84883721
 0.84302326 0.84302326 0.8372093  0.8372093  0.8372093  0.8372093
 0.8372093  0.8372093  0.8372093  0.83139535 0.83139535 0.83139535
 0.83139535 0.8255814  0.81976744 0.81976744 0.81395349 0.81395349
 0.81395349 0.80813953 0.80813953 0.80813953 0.80813953 0.80813953
 0.80232558 0.79651163 0.79651163 0.79651163 0.79651163 0.79069767
 0.78488372 0.78488372 0.77906977 0.77906977 0.77325581 0.77325581
 0.77325581 0.77325581 0.77325581 0.77325581 0.76744186 0.76162791
 0.75581395 0.75581395 0.75       0.74418605 0.74418605 0.73837209
 0.73255814 0.73255814 0.73255814 0.73255814 0.73255814 0.72674419
 0.72674419 0.72674419 0.72674419 0.72093023 0.71511628 0.71511628
 0.71511628 0.70930233 0.70348837 0.69767442 0.69767442 0.69767442
 0.69767442 0.69767442 0.69186047 0.69186047 0.68604651 0.68604651
 0.68604651 0.68023256 0.6744186  0.66860465 0.6627907  0.65697674
 0.65697674 0.65116279 0.64534884 0.64534884 0.64534884 0.63953488
 0.63372093 0.63372093 0.62790698 0.62209302 0.61627907 0.61046512
 0.60465116 0.60465116 0.60465116 0.59883721 0.59302326 0.5872093
 0.58139535 0.58139535 0.5755814  0.5755814  0.56976744 0.56395349
 0.55813953 0.55232558 0.54651163 0.54069767 0.54069767 0.54069767
 0.54069767 0.54069767 0.54069767 0.54069767 0.53488372 0.53488372
 0.52906977 0.52906977 0.52906977 0.52325581 0.52325581 0.52325581
 0.51744186 0.51162791 0.50581395 0.5        0.49418605 0.48837209
 0.48837209 0.48255814 0.47674419 0.47674419 0.47093023 0.47093023
 0.47093023 0.47093023 0.47093023 0.46511628 0.46511628 0.46511628
 0.45930233 0.45348837 0.44767442 0.44186047 0.43604651 0.43604651
 0.43023256 0.4244186  0.41860465 0.4127907  0.40697674 0.40116279
 0.39534884 0.39534884 0.38953488 0.38372093 0.37790698 0.37790698
 0.37209302 0.36627907 0.36046512 0.35465116 0.34883721 0.34302326
 0.3372093  0.33139535 0.3255814  0.31976744 0.31395349 0.30813953
 0.30232558 0.29651163 0.29069767 0.28488372 0.27906977 0.27325581
 0.26744186 0.26162791 0.25581395 0.25       0.24418605 0.23837209
 0.23255814 0.22674419 0.22093023 0.21511628 0.20930233 0.20348837
 0.19767442 0.19186047 0.18604651 0.18023256 0.1744186  0.16860465
 0.1627907  0.15697674 0.15116279 0.14534884 0.13953488 0.13372093
 0.12790698 0.12209302 0.11627907 0.11046512 0.10465116 0.09883721
 0.09302326 0.0872093  0.08139535 0.0755814  0.06976744 0.06395349
 0.05813953 0.05232558 0.04651163 0.04069767 0.03488372 0.02906977
 0.02325581 0.01744186 0.01162791 0.00581395 0.        ]
[0.50588235 0.50442478 0.50591716 0.5074184  0.50892857 0.50746269
 0.50898204 0.51051051 0.50903614 0.51057402 0.51212121 0.51367781
 0.5152439  0.51681957 0.51840491 0.52       0.51851852 0.52012384
 0.52173913 0.52336449 0.525      0.52664577 0.52830189 0.52996845
 0.53164557 0.53333333 0.53503185 0.53674121 0.53846154 0.54019293
 0.54193548 0.54368932 0.54545455 0.54723127 0.54901961 0.55081967
 0.54934211 0.55115512 0.55298013 0.55481728 0.55666667 0.55852843
 0.55704698 0.55892256 0.56081081 0.56271186 0.56462585 0.5665529
 0.56506849 0.56701031 0.56896552 0.57093426 0.57291667 0.57491289
 0.57692308 0.5754386  0.57746479 0.5795053  0.58156028 0.58362989
 0.58571429 0.58781362 0.58992806 0.59205776 0.5942029  0.59272727
 0.59489051 0.5970696  0.59558824 0.59409594 0.5962963  0.59851301
 0.59701493 0.59925094 0.60150376 0.6        0.59848485 0.60076046
 0.60305344 0.60536398 0.60384615 0.60617761 0.60465116 0.60700389
 0.60546875 0.60784314 0.60629921 0.60869565 0.61111111 0.60956175
 0.612      0.61044177 0.61290323 0.61538462 0.61788618 0.61632653
 0.6147541  0.61728395 0.61570248 0.61825726 0.62083333 0.62343096
 0.62184874 0.62025316 0.62288136 0.62553191 0.62820513 0.63090129
 0.63362069 0.63636364 0.63913043 0.6419214  0.64473684 0.64757709
 0.65044248 0.65333333 0.65625    0.65919283 0.65765766 0.66063348
 0.65909091 0.66210046 0.66055046 0.66359447 0.66666667 0.66976744
 0.6728972  0.67605634 0.67924528 0.67772512 0.68095238 0.68421053
 0.6875     0.68599034 0.68446602 0.68780488 0.68627451 0.68965517
 0.69306931 0.69154229 0.695      0.69849246 0.7020202  0.70558376
 0.70408163 0.7025641  0.70618557 0.70984456 0.71354167 0.71204188
 0.71052632 0.71428571 0.71276596 0.71657754 0.71505376 0.71891892
 0.72282609 0.72677596 0.73076923 0.73480663 0.73333333 0.73184358
 0.73033708 0.73446328 0.73295455 0.73142857 0.73563218 0.73410405
 0.73255814 0.73684211 0.74117647 0.74556213 0.75       0.74850299
 0.75301205 0.75757576 0.76219512 0.7607362  0.75925926 0.76397516
 0.76875    0.7672956  0.76582278 0.76433121 0.76923077 0.77419355
 0.77922078 0.78431373 0.78289474 0.78807947 0.78666667 0.79194631
 0.7972973  0.79591837 0.79452055 0.79310345 0.79166667 0.79020979
 0.79577465 0.79432624 0.79285714 0.79856115 0.80434783 0.80291971
 0.80147059 0.80740741 0.80597015 0.80451128 0.8030303  0.80152672
 0.8        0.80620155 0.8125     0.81102362 0.80952381 0.808
 0.80645161 0.81300813 0.81147541 0.81818182 0.81666667 0.81512605
 0.81355932 0.81196581 0.81034483 0.80869565 0.81578947 0.82300885
 0.83035714 0.83783784 0.84545455 0.85321101 0.85185185 0.85981308
 0.85849057 0.86666667 0.875      0.87378641 0.88235294 0.89108911
 0.89       0.88888889 0.8877551  0.88659794 0.88541667 0.88421053
 0.89361702 0.89247312 0.89130435 0.9010989  0.9        0.91011236
 0.92045455 0.93103448 0.94186047 0.94117647 0.95238095 0.96385542
 0.96341463 0.96296296 0.9625     0.96202532 0.96153846 0.97402597
 0.97368421 0.97333333 0.97297297 0.97260274 0.97222222 0.97183099
 0.97142857 0.98550725 0.98529412 0.98507463 0.98484848 1.
 1.         1.         1.         1.         1.         1.
 1.         1.         1.         1.         1.         1.
 1.         1.         1.         1.         1.         1.
 1.         1.         1.         1.         1.         1.
 1.         1.         1.         1.         1.         1.
 1.         1.         1.         1.         1.         1.
 1.         1.         1.         1.         1.         1.
 1.         1.         1.         1.         1.         1.
 1.         1.         1.         1.         1.         1.
 1.         1.         1.         1.         1.         1.
 1.         1.         1.         1.         1.        ]
0.8538234133379361
