[1.         0.99484536 0.99484536 0.99484536 0.99484536 0.99484536
 0.99484536 0.99484536 0.99484536 0.99484536 0.99484536 0.99484536
 0.99484536 0.99484536 0.99484536 0.99484536 0.99484536 0.99484536
 0.99484536 0.99484536 0.99484536 0.99484536 0.98969072 0.98969072
 0.98969072 0.98969072 0.98969072 0.98969072 0.98969072 0.98969072
 0.98969072 0.98969072 0.98969072 0.98969072 0.98969072 0.98453608
 0.98453608 0.98453608 0.98453608 0.98453608 0.98453608 0.98453608
 0.98453608 0.98453608 0.98453608 0.98453608 0.98453608 0.98453608
 0.98453608 0.98453608 0.98453608 0.98453608 0.98453608 0.97938144
 0.97938144 0.97938144 0.97938144 0.97938144 0.97938144 0.97938144
 0.97938144 0.97938144 0.97938144 0.97938144 0.97938144 0.97938144
 0.97938144 0.97938144 0.97938144 0.97938144 0.97938144 0.97938144
 0.97938144 0.97938144 0.97938144 0.97938144 0.97938144 0.97938144
 0.97938144 0.97938144 0.97938144 0.97938144 0.97938144 0.97938144
 0.97938144 0.97938144 0.97938144 0.97938144 0.97938144 0.97938144
 0.97938144 0.97938144 0.97938144 0.97938144 0.97938144 0.97938144
 0.97938144 0.9742268  0.9742268  0.9742268  0.9742268  0.96907216
 0.96907216 0.96907216 0.96907216 0.96907216 0.96907216 0.96907216
 0.96907216 0.96391753 0.96391753 0.96391753 0.96391753 0.96391753
 0.96391753 0.96391753 0.96391753 0.96391753 0.96391753 0.95876289
 0.95876289 0.95876289 0.95876289 0.95360825 0.95360825 0.94845361
 0.94329897 0.94329897 0.94329897 0.94329897 0.94329897 0.93814433
 0.93814433 0.93814433 0.93298969 0.92783505 0.92783505 0.92268041
 0.92268041 0.92268041 0.92268041 0.92268041 0.92268041 0.92268041
 0.91752577 0.91752577 0.91752577 0.91752577 0.91752577 0.91752577
 0.91752577 0.91752577 0.91752577 0.91752577 0.91752577 0.91752577
 0.91752577 0.91752577 0.91752577 0.91752577 0.91752577 0.91752577
 0.91752577 0.91752577 0.91752577 0.91752577 0.91752577 0.91752577
 0.91752577 0.91237113 0.90721649 0.90721649 0.90721649 0.90721649
 0.90721649 0.90721649 0.90206186 0.89690722 0.89690722 0.89690722
 0.89690722 0.89690722 0.89690722 0.89175258 0.88659794 0.8814433
 0.87628866 0.87113402 0.86597938 0.86597938 0.86082474 0.8556701
 0.8556701  0.8556701  0.85051546 0.84536082 0.84020619 0.83505155
 0.82989691 0.82474227 0.81958763 0.81443299 0.80927835 0.80412371
 0.79896907 0.79381443 0.78865979 0.78350515 0.77835052 0.77319588
 0.77319588 0.76804124 0.7628866  0.75773196 0.75257732 0.74742268
 0.74226804 0.7371134  0.73195876 0.72680412 0.72164948 0.71649485
 0.71134021 0.70618557 0.70103093 0.69587629 0.69072165 0.68556701
 0.68041237 0.67525773 0.67010309 0.66494845 0.65979381 0.65463918
 0.64948454 0.6443299  0.63917526 0.63402062 0.62886598 0.62371134
 0.6185567  0.61340206 0.60824742 0.60309278 0.59793814 0.59278351
 0.58762887 0.58247423 0.57731959 0.57216495 0.56701031 0.56185567
 0.55670103 0.55154639 0.54639175 0.54123711 0.53608247 0.53092784
 0.5257732  0.51546392 0.51030928 0.50515464 0.5        0.49484536
 0.48969072 0.48453608 0.47938144 0.4742268  0.46907216 0.46391753
 0.45876289 0.45360825 0.44845361 0.44329897 0.43814433 0.43298969
 0.42783505 0.42268041 0.41752577 0.41237113 0.40721649 0.40206186
 0.39690722 0.39175258 0.38659794 0.3814433  0.37628866 0.37113402
 0.36597938 0.36082474 0.3556701  0.35051546 0.34536082 0.34020619
 0.33505155 0.32474227 0.31958763 0.31443299 0.30927835 0.30412371
 0.29896907 0.29381443 0.28865979 0.28350515 0.27835052 0.27319588
 0.26804124 0.2628866  0.25773196 0.25257732 0.24742268 0.24226804
 0.2371134  0.23195876 0.22680412 0.22164948 0.21649485 0.21134021
 0.20618557 0.20103093 0.19587629 0.19072165 0.18556701 0.18041237
 0.17525773 0.17010309 0.16494845 0.15979381 0.15463918 0.14948454
 0.1443299  0.13917526 0.13402062 0.12886598 0.12371134 0.1185567
 0.11340206 0.10824742 0.10309278 0.09793814 0.09278351 0.08762887
 0.08247423 0.07731959 0.07216495 0.06701031 0.06185567 0.05670103
 0.05154639 0.04639175 0.04123711 0.03608247 0.0257732  0.02061856
 0.01546392 0.01030928 0.00515464 0.        ]
[0.53888889 0.53760446 0.53910615 0.54061625 0.54213483 0.54366197
 0.54519774 0.54674221 0.54829545 0.54985755 0.55142857 0.5530086
 0.5545977  0.55619597 0.55780347 0.55942029 0.56104651 0.56268222
 0.56432749 0.5659824  0.56764706 0.56932153 0.56804734 0.56973294
 0.57142857 0.57313433 0.5748503  0.57657658 0.57831325 0.58006042
 0.58181818 0.58358663 0.58536585 0.58715596 0.58895706 0.58769231
 0.58950617 0.59133127 0.5931677  0.59501558 0.596875   0.59874608
 0.60062893 0.60252366 0.60443038 0.60634921 0.60828025 0.61022364
 0.61217949 0.61414791 0.61612903 0.61812298 0.62012987 0.61889251
 0.62091503 0.62295082 0.625      0.62706271 0.62913907 0.63122924
 0.63333333 0.63545151 0.63758389 0.63973064 0.64189189 0.6440678
 0.6462585  0.64846416 0.65068493 0.65292096 0.65517241 0.65743945
 0.65972222 0.66202091 0.66433566 0.66666667 0.66901408 0.67137809
 0.67375887 0.67615658 0.67857143 0.68100358 0.68345324 0.68592058
 0.6884058  0.69090909 0.69343066 0.6959707  0.69852941 0.70110701
 0.7037037  0.7063197  0.70895522 0.71161049 0.71428571 0.71698113
 0.71969697 0.71863118 0.72137405 0.72413793 0.72692308 0.72586873
 0.72868217 0.73151751 0.734375   0.7372549  0.74015748 0.743083
 0.74603175 0.74501992 0.748      0.75100402 0.75403226 0.75708502
 0.7601626  0.76326531 0.76639344 0.76954733 0.77272727 0.77178423
 0.775      0.77824268 0.78151261 0.78059072 0.78389831 0.78297872
 0.78205128 0.78540773 0.7887931  0.79220779 0.79565217 0.79475983
 0.79824561 0.80176211 0.80088496 0.8        0.80357143 0.80269058
 0.80630631 0.80995475 0.81363636 0.8173516  0.82110092 0.82488479
 0.82407407 0.82790698 0.8317757  0.83568075 0.83962264 0.8436019
 0.84761905 0.85167464 0.85576923 0.85990338 0.86407767 0.86829268
 0.87254902 0.87684729 0.88118812 0.88557214 0.89       0.89447236
 0.8989899  0.9035533  0.90816327 0.91282051 0.91752577 0.92227979
 0.92708333 0.92670157 0.92631579 0.93121693 0.93617021 0.94117647
 0.94623656 0.95135135 0.95108696 0.95081967 0.95604396 0.96132597
 0.96666667 0.97206704 0.97752809 0.97740113 0.97727273 0.97714286
 0.97701149 0.97687861 0.97674419 0.98245614 0.98235294 0.98224852
 0.98809524 0.99401198 0.9939759  0.99393939 0.99390244 0.99386503
 0.99382716 0.99378882 0.99375    0.99371069 0.99367089 0.99363057
 0.99358974 0.99354839 0.99350649 0.99346405 0.99342105 0.99337748
 1.         1.         1.         1.         1.         1.
 1.         1.         1.         1.         1.         1.
 1.         1.         1.         1.         1.         1.
 1.         1.         1.         1.         1.         1.
 1.         1.         1.         1.         1.         1.
 1.         1.         1.         1.         1.         1.
 1.         1.         1.         1.         1.         1.
 1.         1.         1.         1.         1.         1.
 1.         1.         1.         1.         1.         1.
 1.         1.         1.         1.         1.         1.
 1.         1.         1.         1.         1.         1.
 1.         1.         1.         1.         1.         1.
 1.         1.         1.         1.         1.         1.
 1.         1.         1.         1.         1.         1.
 1.         1.         1.         1.         1.         1.
 1.         1.         1.         1.         1.         1.
 1.         1.         1.         1.         1.         1.
 1.         1.         1.         1.         1.         1.
 1.         1.         1.         1.         1.         1.
 1.         1.         1.         1.         1.         1.
 1.         1.         1.         1.         1.         1.
 1.         1.         1.         1.         1.         1.
 1.         1.         1.         1.         1.         1.
 1.         1.         1.         1.         1.         1.
 1.         1.         1.         1.        ]
0.974957171757884
