[0.         0.         0.         0.00581395 0.00581395 0.01744186
 0.01744186 0.02325581 0.02325581 0.02906977 0.02906977 0.03488372
 0.03488372 0.04069767 0.04069767 0.04651163 0.04651163 0.05232558
 0.05232558 0.06395349 0.06395349 0.06976744 0.06976744 0.0755814
 0.0755814  0.0872093  0.0872093  0.09883721 0.09883721 0.10465116
 0.10465116 0.11627907 0.11627907 0.12790698 0.12790698 0.15116279
 0.15116279 0.15697674 0.15697674 0.1627907  0.1627907  0.16860465
 0.16860465 0.18023256 0.18023256 0.19186047 0.19186047 0.19767442
 0.19767442 0.20348837 0.20348837 0.20930233 0.20930233 0.22093023
 0.22093023 0.23255814 0.23255814 0.25581395 0.25581395 0.26744186
 0.26744186 0.28488372 0.28488372 0.30813953 0.30813953 0.31395349
 0.31395349 0.33139535 0.33139535 0.36627907 0.36627907 0.37209302
 0.37209302 0.38953488 0.38953488 0.43604651 0.43604651 0.44186047
 0.44186047 0.45930233 0.45930233 0.46511628 0.46511628 0.48837209
 0.48837209 0.5        0.5        0.51744186 0.51744186 0.56395349
 0.56395349 0.5755814  0.5755814  0.58139535 0.58139535 0.5872093
 0.5872093  0.59302326 0.59302326 0.59883721 0.59883721 0.63953488
 0.63953488 0.64534884 0.64534884 0.66860465 0.66860465 0.68023256
 0.68023256 0.69186047 0.69186047 0.70930233 0.70930233 0.75581395
 0.75581395 0.76744186 0.76744186 0.79069767 0.79069767 0.81395349
 0.81395349 0.8372093  0.8372093  0.86046512 0.86046512 0.86627907
 0.86627907 0.97674419 0.97674419 1.        ]
[0.         0.00581395 0.31395349 0.31395349 0.33139535 0.33139535
 0.35465116 0.35465116 0.39534884 0.39534884 0.40116279 0.40116279
 0.4127907  0.4127907  0.4244186  0.4244186  0.43604651 0.43604651
 0.44186047 0.44186047 0.44767442 0.44767442 0.45348837 0.45348837
 0.47093023 0.47093023 0.52325581 0.52325581 0.52906977 0.52906977
 0.54069767 0.54069767 0.55232558 0.55232558 0.58139535 0.58139535
 0.5872093  0.5872093  0.59883721 0.59883721 0.61627907 0.61627907
 0.62209302 0.62209302 0.63372093 0.63372093 0.63953488 0.63953488
 0.64534884 0.64534884 0.65116279 0.65116279 0.6744186  0.6744186
 0.69186047 0.69186047 0.69767442 0.69767442 0.70348837 0.70348837
 0.70930233 0.70930233 0.71511628 0.71511628 0.72674419 0.72674419
 0.75581395 0.75581395 0.76162791 0.76162791 0.77325581 0.77325581
 0.77906977 0.77906977 0.78488372 0.78488372 0.79069767 0.79069767
 0.79651163 0.79651163 0.80232558 0.80232558 0.80813953 0.80813953
 0.81395349 0.81395349 0.8255814  0.8255814  0.83139535 0.83139535
 0.8372093  0.8372093  0.85465116 0.85465116 0.86046512 0.86046512
 0.87209302 0.87209302 0.87790698 0.87790698 0.88372093 0.88372093
 0.88953488 0.88953488 0.89534884 0.89534884 0.90116279 0.90116279
 0.9127907  0.9127907  0.93604651 0.93604651 0.95348837 0.95348837
 0.95930233 0.95930233 0.96511628 0.96511628 0.97093023 0.97093023
 0.97674419 0.97674419 0.98255814 0.98255814 0.98837209 0.98837209
 0.99418605 0.99418605 1.         1.        ]
0.7938750676041104
