[0.         0.         0.         0.         0.         0.
 0.         0.         0.00515464 0.00515464 0.01030928 0.01030928
 0.01546392 0.01546392 0.02061856 0.02061856 0.09278351 0.09278351
 0.15979381 0.15979381 0.16494845 0.16494845 0.22680412 0.22680412
 0.24226804 0.24226804 0.24742268 0.24742268 0.25257732 0.25257732
 0.27835052 0.27835052 0.28350515 0.28350515 0.34536082 0.34536082
 0.37113402 0.37113402 0.57731959 0.57731959 0.73195876 0.73195876
 0.75773196 0.75773196 0.82989691 0.82989691 1.        ]
[0.         0.00515464 0.01546392 0.1443299  0.15463918 0.22164948
 0.23195876 0.84020619 0.84020619 0.8556701  0.8556701  0.88659794
 0.88659794 0.90721649 0.90721649 0.91237113 0.91237113 0.91752577
 0.91752577 0.92783505 0.92783505 0.93298969 0.93298969 0.94329897
 0.94329897 0.94845361 0.94845361 0.95360825 0.95360825 0.95876289
 0.95876289 0.96391753 0.96391753 0.96907216 0.96907216 0.9742268
 0.9742268  0.97938144 0.97938144 0.98453608 0.98453608 0.98969072
 0.98969072 0.99484536 0.99484536 1.         1.        ]
0.9685141885428846
