[1.         0.99418605 0.99418605 0.98837209 0.98837209 0.98837209
 0.98837209 0.98837209 0.98255814 0.98255814 0.98255814 0.98255814
 0.98255814 0.98255814 0.98255814 0.98255814 0.97674419 0.97674419
 0.97674419 0.97674419 0.97674419 0.97674419 0.97674419 0.97674419
 0.97674419 0.97674419 0.97674419 0.97674419 0.97674419 0.97674419
 0.97093023 0.96511628 0.96511628 0.96511628 0.96511628 0.96511628
 0.96511628 0.96511628 0.96511628 0.96511628 0.96511628 0.96511628
 0.95930233 0.95930233 0.95930233 0.95930233 0.95930233 0.95930233
 0.95930233 0.95930233 0.95930233 0.95348837 0.95348837 0.95348837
 0.95348837 0.95348837 0.95348837 0.95348837 0.95348837 0.95348837
 0.95348837 0.95348837 0.95348837 0.95348837 0.95348837 0.94767442
 0.94767442 0.94767442 0.94767442 0.94186047 0.94186047 0.93604651
 0.93604651 0.93023256 0.93023256 0.9244186  0.91860465 0.91860465
 0.91860465 0.91860465 0.91860465 0.9127907  0.90697674 0.90697674
 0.90116279 0.90116279 0.90116279 0.90116279 0.90116279 0.90116279
 0.89534884 0.89534884 0.89534884 0.88953488 0.88372093 0.87790698
 0.87790698 0.87790698 0.87209302 0.87209302 0.87209302 0.87209302
 0.87209302 0.87209302 0.87209302 0.87209302 0.87209302 0.87209302
 0.87209302 0.87209302 0.87209302 0.87209302 0.86627907 0.86627907
 0.86627907 0.86046512 0.85465116 0.85465116 0.84883721 0.84883721
 0.84883721 0.84883721 0.84883721 0.84302326 0.84302326 0.84302326
 0.84302326 0.8372093  0.8372093  0.83139535 0.83139535 0.83139535
 0.8255814  0.8255814  0.8255814  0.8255814  0.81976744 0.81976744
 0.81395349 0.81395349 0.80813953 0.80813953 0.80813953 0.80813953
 0.80813953 0.80813953 0.80813953 0.80813953 0.80813953 0.80813953
 0.80232558 0.80232558 0.79651163 0.79069767 0.78488372 0.77906977
 0.77325581 0.76744186 0.76162791 0.76162791 0.76162791 0.76162791
 0.75581395 0.75581395 0.75       0.74418605 0.73837209 0.73255814
 0.73255814 0.72674419 0.72674419 0.72674419 0.72093023 0.72093023
 0.72093023 0.72093023 0.72093023 0.72093023 0.72093023 0.71511628
 0.70930233 0.70930233 0.70930233 0.70930233 0.70348837 0.69767442
 0.69186047 0.68604651 0.68604651 0.68023256 0.68023256 0.6744186
 0.66860465 0.6627907  0.65697674 0.65116279 0.64534884 0.64534884
 0.64534884 0.64534884 0.63953488 0.63953488 0.63372093 0.62790698
 0.62209302 0.62209302 0.61627907 0.61627907 0.61046512 0.60465116
 0.60465116 0.60465116 0.60465116 0.59883721 0.59302326 0.5872093
 0.58139535 0.5755814  0.56976744 0.56976744 0.56976744 0.56976744
 0.56395349 0.55813953 0.55232558 0.55232558 0.54651163 0.54069767
 0.54069767 0.53488372 0.53488372 0.53488372 0.53488372 0.52906977
 0.52325581 0.52325581 0.51744186 0.51744186 0.51744186 0.51744186
 0.51162791 0.51162791 0.50581395 0.5        0.5        0.5
 0.49418605 0.49418605 0.48837209 0.48255814 0.47674419 0.47674419
 0.47093023 0.46511628 0.45930233 0.45930233 0.45930233 0.45348837
 0.44767442 0.44186047 0.43604651 0.43023256 0.4244186  0.4244186
 0.41860465 0.4127907  0.40697674 0.40116279 0.40116279 0.39534884
 0.38953488 0.38953488 0.38372093 0.37790698 0.37209302 0.36627907
 0.36046512 0.35465116 0.34883721 0.34302326 0.3372093  0.33139535
 0.3255814  0.31976744 0.31395349 0.30813953 0.30232558 0.29651163
 0.29069767 0.28488372 0.27906977 0.27325581 0.26744186 0.26162791
 0.25581395 0.25       0.24418605 0.23837209 0.23255814 0.22674419
 0.22093023 0.21511628 0.20930233 0.20348837 0.19767442 0.19186047
 0.18604651 0.18023256 0.1744186  0.16860465 0.1627907  0.15697674
 0.15116279 0.14534884 0.13953488 0.13372093 0.12790698 0.12209302
 0.11627907 0.11046512 0.10465116 0.09883721 0.09302326 0.0872093
 0.08139535 0.0755814  0.06976744 0.06395349 0.05813953 0.05232558
 0.04651163 0.04069767 0.03488372 0.02906977 0.02325581 0.01744186
 0.01162791 0.00581395 0.        ]
[0.50887574 0.5074184  0.50892857 0.50746269 0.50898204 0.51051051
 0.51204819 0.51359517 0.51212121 0.51367781 0.5152439  0.51681957
 0.51840491 0.52       0.52160494 0.52321981 0.52173913 0.52336449
 0.525      0.52664577 0.52830189 0.52996845 0.53164557 0.53333333
 0.53503185 0.53674121 0.53846154 0.54019293 0.54193548 0.54368932
 0.54220779 0.54071661 0.54248366 0.5442623  0.54605263 0.54785479
 0.54966887 0.55149502 0.55333333 0.55518395 0.55704698 0.55892256
 0.55743243 0.55932203 0.56122449 0.56313993 0.56506849 0.56701031
 0.56896552 0.57093426 0.57291667 0.57142857 0.57342657 0.5754386
 0.57746479 0.5795053  0.58156028 0.58362989 0.58571429 0.58781362
 0.58992806 0.59205776 0.5942029  0.59636364 0.59854015 0.5970696
 0.59926471 0.60147601 0.6037037  0.60223048 0.60447761 0.60299625
 0.60526316 0.60377358 0.60606061 0.60456274 0.60305344 0.60536398
 0.60769231 0.61003861 0.6124031  0.61089494 0.609375   0.61176471
 0.61023622 0.61264822 0.61507937 0.61752988 0.62       0.62248996
 0.62096774 0.62348178 0.62601626 0.6244898  0.62295082 0.62139918
 0.62396694 0.62655602 0.625      0.62761506 0.6302521  0.63291139
 0.63559322 0.63829787 0.64102564 0.64377682 0.64655172 0.64935065
 0.65217391 0.65502183 0.65789474 0.66079295 0.65929204 0.66222222
 0.66517857 0.66367713 0.66216216 0.66515837 0.66363636 0.66666667
 0.66972477 0.67281106 0.67592593 0.6744186  0.67757009 0.68075117
 0.68396226 0.68246445 0.68571429 0.68421053 0.6875     0.69082126
 0.68932039 0.69268293 0.69607843 0.69950739 0.6980198  0.70149254
 0.7        0.70351759 0.7020202  0.70558376 0.70918367 0.71282051
 0.71649485 0.72020725 0.72395833 0.72774869 0.73157895 0.73544974
 0.73404255 0.73796791 0.73655914 0.73513514 0.73369565 0.73224044
 0.73076923 0.72928177 0.72777778 0.73184358 0.73595506 0.74011299
 0.73863636 0.74285714 0.74137931 0.73988439 0.73837209 0.73684211
 0.74117647 0.73964497 0.74404762 0.74850299 0.74698795 0.75151515
 0.75609756 0.7607362  0.7654321  0.77018634 0.775      0.77358491
 0.7721519  0.77707006 0.78205128 0.78709677 0.78571429 0.78431373
 0.78289474 0.78145695 0.78666667 0.7852349  0.79054054 0.78911565
 0.78767123 0.7862069  0.78472222 0.78321678 0.78169014 0.78723404
 0.79285714 0.79856115 0.79710145 0.80291971 0.80147059 0.8
 0.79850746 0.80451128 0.8030303  0.80916031 0.80769231 0.80620155
 0.8125     0.81889764 0.82539683 0.824      0.82258065 0.82113821
 0.81967213 0.81818182 0.81666667 0.82352941 0.83050847 0.83760684
 0.8362069  0.83478261 0.83333333 0.84070796 0.83928571 0.83783784
 0.84545455 0.8440367  0.85185185 0.85981308 0.86792453 0.86666667
 0.86538462 0.87378641 0.87254902 0.88118812 0.89       0.8989899
 0.89795918 0.90721649 0.90625    0.90526316 0.91489362 0.92473118
 0.92391304 0.93406593 0.93333333 0.93258427 0.93181818 0.94252874
 0.94186047 0.94117647 0.94047619 0.95180723 0.96341463 0.96296296
 0.9625     0.96202532 0.96153846 0.96103896 0.96052632 0.97333333
 0.97297297 0.97260274 0.97222222 0.97183099 0.98571429 0.98550725
 0.98529412 1.         1.         1.         1.         1.
 1.         1.         1.         1.         1.         1.
 1.         1.         1.         1.         1.         1.
 1.         1.         1.         1.         1.         1.
 1.         1.         1.         1.         1.         1.
 1.         1.         1.         1.         1.         1.
 1.         1.         1.         1.         1.         1.
 1.         1.         1.         1.         1.         1.
 1.         1.         1.         1.         1.         1.
 1.         1.         1.         1.         1.         1.
 1.         1.         1.         1.         1.         1.
 1.         1.         1.        ]
0.858748159025041
