[1.         0.99418605 0.99418605 0.99418605 0.99418605 0.99418605
 0.99418605 0.99418605 0.99418605 0.99418605 0.99418605 0.99418605
 0.99418605 0.98837209 0.98837209 0.98837209 0.98837209 0.98255814
 0.98255814 0.98255814 0.98255814 0.98255814 0.98255814 0.98255814
 0.98255814 0.98255814 0.98255814 0.97674419 0.97674419 0.97674419
 0.97674419 0.97674419 0.97093023 0.97093023 0.97093023 0.97093023
 0.97093023 0.96511628 0.96511628 0.96511628 0.96511628 0.96511628
 0.96511628 0.96511628 0.96511628 0.96511628 0.95930233 0.95930233
 0.95930233 0.95348837 0.95348837 0.95348837 0.95348837 0.95348837
 0.95348837 0.95348837 0.95348837 0.94767442 0.94767442 0.94767442
 0.94767442 0.94767442 0.94767442 0.94767442 0.94767442 0.94767442
 0.94767442 0.94767442 0.94767442 0.94767442 0.94767442 0.94767442
 0.94767442 0.94767442 0.94767442 0.94186047 0.94186047 0.94186047
 0.94186047 0.94186047 0.94186047 0.94186047 0.94186047 0.94186047
 0.94186047 0.94186047 0.94186047 0.93604651 0.93604651 0.93604651
 0.93604651 0.93604651 0.93604651 0.93023256 0.93023256 0.93023256
 0.93023256 0.93023256 0.93023256 0.93023256 0.93023256 0.93023256
 0.9244186  0.9244186  0.91860465 0.9127907  0.90697674 0.90697674
 0.90697674 0.90116279 0.90116279 0.89534884 0.89534884 0.88953488
 0.88953488 0.88372093 0.88372093 0.87790698 0.87209302 0.87209302
 0.87209302 0.87209302 0.87209302 0.87209302 0.86627907 0.86046512
 0.86046512 0.86046512 0.85465116 0.85465116 0.85465116 0.85465116
 0.85465116 0.85465116 0.85465116 0.84883721 0.84883721 0.84883721
 0.84883721 0.84883721 0.84302326 0.8372093  0.8372093  0.8372093
 0.8372093  0.83139535 0.8255814  0.81976744 0.81395349 0.81395349
 0.81395349 0.80813953 0.80813953 0.80232558 0.79651163 0.79069767
 0.79069767 0.78488372 0.78488372 0.78488372 0.77906977 0.77325581
 0.77325581 0.76744186 0.76744186 0.76162791 0.75581395 0.75
 0.75       0.75       0.74418605 0.74418605 0.73837209 0.73255814
 0.72674419 0.72093023 0.72093023 0.72093023 0.71511628 0.71511628
 0.71511628 0.70930233 0.70930233 0.70930233 0.70930233 0.70348837
 0.69767442 0.69767442 0.69767442 0.69186047 0.69186047 0.69186047
 0.68604651 0.68023256 0.6744186  0.66860465 0.66860465 0.6627907
 0.6627907  0.65697674 0.65697674 0.65116279 0.64534884 0.63953488
 0.63372093 0.62790698 0.62790698 0.62209302 0.61627907 0.61046512
 0.61046512 0.60465116 0.60465116 0.60465116 0.59883721 0.59302326
 0.59302326 0.5872093  0.58139535 0.5755814  0.56976744 0.56976744
 0.56976744 0.56395349 0.56395349 0.55813953 0.55232558 0.54651163
 0.54651163 0.54069767 0.53488372 0.52906977 0.52906977 0.52325581
 0.51744186 0.51162791 0.51162791 0.51162791 0.51162791 0.50581395
 0.50581395 0.5        0.49418605 0.49418605 0.48837209 0.48837209
 0.48837209 0.48255814 0.48255814 0.47674419 0.47093023 0.46511628
 0.46511628 0.46511628 0.45930233 0.45348837 0.44767442 0.44186047
 0.43604651 0.43604651 0.43023256 0.4244186  0.41860465 0.4127907
 0.40697674 0.40697674 0.40116279 0.39534884 0.39534884 0.38953488
 0.38372093 0.37790698 0.37209302 0.36627907 0.36046512 0.35465116
 0.34883721 0.34302326 0.3372093  0.33139535 0.3255814  0.31976744
 0.31395349 0.30813953 0.30232558 0.29651163 0.29069767 0.28488372
 0.27906977 0.27325581 0.26744186 0.26162791 0.25581395 0.25
 0.25       0.24418605 0.23837209 0.23255814 0.22674419 0.22093023
 0.21511628 0.20930233 0.20348837 0.19767442 0.19186047 0.18604651
 0.18023256 0.1744186  0.16860465 0.1627907  0.15697674 0.15697674
 0.15116279 0.14534884 0.13953488 0.13372093 0.12790698 0.12209302
 0.11627907 0.11627907 0.11046512 0.10465116 0.09883721 0.09302326
 0.0872093  0.08139535 0.0755814  0.06976744 0.06395349 0.05813953
 0.05232558 0.04651163 0.04069767 0.03488372 0.02906977 0.02325581
 0.01744186 0.01162791 0.00581395 0.        ]
[0.50737463 0.50591716 0.5074184  0.50892857 0.51044776 0.51197605
 0.51351351 0.51506024 0.51661631 0.51818182 0.51975684 0.52134146
 0.52293578 0.52147239 0.52307692 0.52469136 0.52631579 0.52484472
 0.52647975 0.528125   0.52978056 0.53144654 0.53312303 0.53481013
 0.53650794 0.53821656 0.5399361  0.53846154 0.54019293 0.54193548
 0.54368932 0.54545455 0.54397394 0.54575163 0.54754098 0.54934211
 0.55115512 0.54966887 0.55149502 0.55333333 0.55518395 0.55704698
 0.55892256 0.56081081 0.56271186 0.56462585 0.56313993 0.56506849
 0.56701031 0.56551724 0.56747405 0.56944444 0.57142857 0.57342657
 0.5754386  0.57746479 0.5795053  0.57801418 0.58007117 0.58214286
 0.58422939 0.58633094 0.58844765 0.59057971 0.59272727 0.59489051
 0.5970696  0.59926471 0.60147601 0.6037037  0.60594796 0.60820896
 0.61048689 0.61278195 0.61509434 0.61363636 0.61596958 0.61832061
 0.62068966 0.62307692 0.62548263 0.62790698 0.63035019 0.6328125
 0.63529412 0.63779528 0.64031621 0.63888889 0.64143426 0.644
 0.64658635 0.64919355 0.65182186 0.6504065  0.65306122 0.6557377
 0.65843621 0.66115702 0.66390041 0.66666667 0.66945607 0.67226891
 0.67088608 0.67372881 0.67234043 0.67094017 0.6695279  0.67241379
 0.67532468 0.67391304 0.6768559  0.6754386  0.6784141  0.67699115
 0.68       0.67857143 0.68161435 0.68018018 0.67873303 0.68181818
 0.68493151 0.68807339 0.69124424 0.69444444 0.69302326 0.69158879
 0.69483568 0.69811321 0.69668246 0.7        0.70334928 0.70673077
 0.71014493 0.71359223 0.71707317 0.71568627 0.71921182 0.72277228
 0.72636816 0.73       0.72864322 0.72727273 0.73096447 0.73469388
 0.73846154 0.7371134  0.7357513  0.734375   0.73298429 0.73684211
 0.74074074 0.7393617  0.74331551 0.74193548 0.74054054 0.73913043
 0.7431694  0.74175824 0.74585635 0.75       0.74860335 0.74719101
 0.75141243 0.75       0.75428571 0.75287356 0.75144509 0.75
 0.75438596 0.75882353 0.75739645 0.76190476 0.76047904 0.75903614
 0.75757576 0.75609756 0.7607362  0.7654321  0.76397516 0.76875
 0.77358491 0.7721519  0.77707006 0.78205128 0.78709677 0.78571429
 0.78431373 0.78947368 0.79470199 0.79333333 0.79865772 0.80405405
 0.80272109 0.80136986 0.8        0.79861111 0.8041958  0.8028169
 0.80851064 0.80714286 0.81294964 0.8115942  0.81021898 0.80882353
 0.80740741 0.80597015 0.81203008 0.81060606 0.80916031 0.80769231
 0.81395349 0.8125     0.81889764 0.82539683 0.824      0.82258065
 0.82926829 0.82786885 0.82644628 0.825      0.82352941 0.83050847
 0.83760684 0.8362069  0.84347826 0.84210526 0.84070796 0.83928571
 0.84684685 0.84545455 0.8440367  0.84259259 0.85046729 0.8490566
 0.84761905 0.84615385 0.85436893 0.8627451  0.87128713 0.87
 0.87878788 0.87755102 0.87628866 0.88541667 0.88421053 0.89361702
 0.90322581 0.90217391 0.91208791 0.91111111 0.91011236 0.90909091
 0.91954023 0.93023256 0.92941176 0.92857143 0.92771084 0.92682927
 0.92592593 0.9375     0.93670886 0.93589744 0.93506494 0.93421053
 0.93333333 0.94594595 0.94520548 0.94444444 0.95774648 0.95714286
 0.95652174 0.95588235 0.95522388 0.95454545 0.95384615 0.953125
 0.95238095 0.9516129  0.95081967 0.95       0.94915254 0.94827586
 0.94736842 0.94642857 0.94545455 0.94444444 0.94339623 0.94230769
 0.94117647 0.94       0.93877551 0.9375     0.93617021 0.93478261
 0.95555556 0.95454545 0.95348837 0.95238095 0.95121951 0.95
 0.94871795 0.94736842 0.94594595 0.94444444 0.94285714 0.94117647
 0.93939394 0.9375     0.93548387 0.93333333 0.93103448 0.96428571
 0.96296296 0.96153846 0.96       0.95833333 0.95652174 0.95454545
 0.95238095 1.         1.         1.         1.         1.
 1.         1.         1.         1.         1.         1.
 1.         1.         1.         1.         1.         1.
 1.         1.         1.         1.        ]
0.8497069978425877
