[1.         0.99418605 0.99418605 0.99418605 0.99418605 0.98837209
 0.98837209 0.98837209 0.98255814 0.98255814 0.98255814 0.98255814
 0.98255814 0.98255814 0.98255814 0.98255814 0.97674419 0.97674419
 0.97674419 0.97674419 0.97674419 0.97674419 0.97674419 0.97674419
 0.97674419 0.97674419 0.97674419 0.97674419 0.97674419 0.97674419
 0.97093023 0.96511628 0.96511628 0.96511628 0.96511628 0.96511628
 0.95930233 0.95930233 0.95930233 0.95348837 0.95348837 0.95348837
 0.95348837 0.95348837 0.94767442 0.94767442 0.94767442 0.94767442
 0.94767442 0.94767442 0.94767442 0.94186047 0.94186047 0.94186047
 0.94186047 0.94186047 0.94186047 0.94186047 0.94186047 0.94186047
 0.94186047 0.94186047 0.93604651 0.93604651 0.93604651 0.93604651
 0.93604651 0.93604651 0.93604651 0.93604651 0.93604651 0.93604651
 0.93604651 0.93604651 0.93604651 0.93604651 0.93604651 0.93604651
 0.93604651 0.93604651 0.93023256 0.93023256 0.93023256 0.93023256
 0.93023256 0.9244186  0.91860465 0.9127907  0.9127907  0.9127907
 0.9127907  0.9127907  0.9127907  0.9127907  0.90697674 0.90697674
 0.90697674 0.90697674 0.90697674 0.90697674 0.90116279 0.90116279
 0.89534884 0.88953488 0.88372093 0.88372093 0.87790698 0.87790698
 0.87209302 0.87209302 0.87209302 0.86627907 0.86627907 0.86627907
 0.86627907 0.86046512 0.86046512 0.86046512 0.86046512 0.86046512
 0.85465116 0.84883721 0.84302326 0.84302326 0.84302326 0.84302326
 0.84302326 0.84302326 0.8372093  0.8372093  0.83139535 0.83139535
 0.83139535 0.83139535 0.83139535 0.8255814  0.8255814  0.8255814
 0.81976744 0.81395349 0.80813953 0.80813953 0.80813953 0.80813953
 0.80813953 0.80813953 0.80813953 0.80813953 0.80813953 0.80813953
 0.80232558 0.80232558 0.80232558 0.80232558 0.79651163 0.79069767
 0.79069767 0.78488372 0.77906977 0.77906977 0.77906977 0.77906977
 0.77325581 0.76744186 0.76162791 0.76162791 0.75581395 0.75
 0.74418605 0.73837209 0.73255814 0.73255814 0.73255814 0.72674419
 0.72674419 0.72093023 0.72093023 0.71511628 0.71511628 0.70930233
 0.70930233 0.70930233 0.70930233 0.70930233 0.70930233 0.70348837
 0.70348837 0.70348837 0.69767442 0.69186047 0.68604651 0.68023256
 0.6744186  0.66860465 0.6627907  0.6627907  0.65697674 0.65116279
 0.64534884 0.64534884 0.64534884 0.63953488 0.63372093 0.62790698
 0.62209302 0.61627907 0.61046512 0.60465116 0.60465116 0.59883721
 0.59883721 0.59883721 0.59302326 0.5872093  0.58139535 0.58139535
 0.5755814  0.5755814  0.5755814  0.5755814  0.56976744 0.56976744
 0.56395349 0.56395349 0.55813953 0.55232558 0.54651163 0.54651163
 0.54069767 0.54069767 0.54069767 0.54069767 0.53488372 0.52906977
 0.52325581 0.51744186 0.51162791 0.51162791 0.50581395 0.5
 0.49418605 0.48837209 0.48837209 0.48255814 0.47674419 0.47674419
 0.47674419 0.47674419 0.47093023 0.47093023 0.46511628 0.46511628
 0.45930233 0.45930233 0.45348837 0.45348837 0.44767442 0.44186047
 0.44186047 0.43604651 0.43604651 0.43023256 0.4244186  0.4244186
 0.41860465 0.4127907  0.4127907  0.40697674 0.40697674 0.40116279
 0.40116279 0.39534884 0.38953488 0.38372093 0.37790698 0.37209302
 0.36627907 0.36046512 0.35465116 0.34883721 0.34302326 0.3372093
 0.33139535 0.3255814  0.31976744 0.31395349 0.30813953 0.30232558
 0.29651163 0.29069767 0.28488372 0.27906977 0.27325581 0.26744186
 0.26162791 0.25581395 0.25       0.24418605 0.23837209 0.23255814
 0.22674419 0.22093023 0.21511628 0.20930233 0.20348837 0.19767442
 0.19186047 0.18604651 0.18023256 0.1744186  0.16860465 0.1627907
 0.15697674 0.15116279 0.14534884 0.13953488 0.13372093 0.12790698
 0.12209302 0.11627907 0.11046512 0.10465116 0.09883721 0.09302326
 0.0872093  0.08139535 0.0755814  0.06976744 0.06395349 0.05813953
 0.05232558 0.04651163 0.04069767 0.03488372 0.02906977 0.02325581
 0.01744186 0.01162791 0.00581395 0.        ]
[0.50737463 0.50591716 0.5074184  0.50892857 0.51044776 0.50898204
 0.51051051 0.51204819 0.51057402 0.51212121 0.51367781 0.5152439
 0.51681957 0.51840491 0.52       0.52160494 0.52012384 0.52173913
 0.52336449 0.525      0.52664577 0.52830189 0.52996845 0.53164557
 0.53333333 0.53503185 0.53674121 0.53846154 0.54019293 0.54193548
 0.54045307 0.53896104 0.54071661 0.54248366 0.5442623  0.54605263
 0.54455446 0.54635762 0.54817276 0.54666667 0.54849498 0.55033557
 0.55218855 0.55405405 0.55254237 0.55442177 0.55631399 0.55821918
 0.56013746 0.56206897 0.56401384 0.5625     0.56445993 0.56643357
 0.56842105 0.57042254 0.57243816 0.57446809 0.57651246 0.57857143
 0.58064516 0.58273381 0.58122744 0.58333333 0.58545455 0.58759124
 0.58974359 0.59191176 0.59409594 0.5962963  0.59851301 0.60074627
 0.60299625 0.60526316 0.60754717 0.60984848 0.6121673  0.61450382
 0.61685824 0.61923077 0.61776062 0.62015504 0.62256809 0.625
 0.62745098 0.62598425 0.62450593 0.62301587 0.62549801 0.628
 0.63052209 0.63306452 0.63562753 0.63821138 0.63673469 0.63934426
 0.64197531 0.6446281  0.6473029  0.65       0.64853556 0.6512605
 0.64978903 0.64830508 0.64680851 0.64957265 0.64806867 0.65086207
 0.64935065 0.65217391 0.65502183 0.65350877 0.65638767 0.65929204
 0.66222222 0.66071429 0.66367713 0.66666667 0.66968326 0.67272727
 0.67123288 0.66972477 0.66820276 0.6712963  0.6744186  0.67757009
 0.68075117 0.68396226 0.68246445 0.68571429 0.68421053 0.6875
 0.69082126 0.69417476 0.69756098 0.69607843 0.69950739 0.7029703
 0.70149254 0.7        0.69849246 0.7020202  0.70558376 0.70918367
 0.71282051 0.71649485 0.72020725 0.72395833 0.72774869 0.73157895
 0.73015873 0.73404255 0.73796791 0.74193548 0.74054054 0.73913043
 0.7431694  0.74175824 0.74033149 0.74444444 0.74860335 0.75280899
 0.75141243 0.75       0.74857143 0.75287356 0.75144509 0.75
 0.74853801 0.74705882 0.74556213 0.75       0.75449102 0.75301205
 0.75757576 0.75609756 0.7607362  0.75925926 0.76397516 0.7625
 0.7672956  0.7721519  0.77707006 0.78205128 0.78709677 0.78571429
 0.79084967 0.79605263 0.79470199 0.79333333 0.79194631 0.79054054
 0.78911565 0.78767123 0.7862069  0.79166667 0.79020979 0.78873239
 0.78723404 0.79285714 0.79856115 0.79710145 0.79562044 0.79411765
 0.79259259 0.79104478 0.78947368 0.78787879 0.79389313 0.79230769
 0.79844961 0.8046875  0.80314961 0.8015873  0.8        0.80645161
 0.80487805 0.81147541 0.81818182 0.825      0.82352941 0.83050847
 0.82905983 0.8362069  0.83478261 0.83333333 0.83185841 0.83928571
 0.83783784 0.84545455 0.85321101 0.86111111 0.85981308 0.85849057
 0.85714286 0.85576923 0.85436893 0.8627451  0.86138614 0.86
 0.85858586 0.85714286 0.86597938 0.86458333 0.86315789 0.87234043
 0.88172043 0.89130435 0.89010989 0.9        0.8988764  0.90909091
 0.90804598 0.91860465 0.91764706 0.92857143 0.92771084 0.92682927
 0.9382716  0.9375     0.94936709 0.94871795 0.94805195 0.96052632
 0.96       0.95945946 0.97260274 0.97222222 0.98591549 0.98571429
 1.         1.         1.         1.         1.         1.
 1.         1.         1.         1.         1.         1.
 1.         1.         1.         1.         1.         1.
 1.         1.         1.         1.         1.         1.
 1.         1.         1.         1.         1.         1.
 1.         1.         1.         1.         1.         1.
 1.         1.         1.         1.         1.         1.
 1.         1.         1.         1.         1.         1.
 1.         1.         1.         1.         1.         1.
 1.         1.         1.         1.         1.         1.
 1.         1.         1.         1.         1.         1.
 1.         1.         1.         1.        ]
0.8554148026691092
