[1.         0.99418605 0.99418605 0.99418605 0.99418605 0.99418605
 0.99418605 0.99418605 0.99418605 0.98837209 0.98837209 0.98837209
 0.98837209 0.98837209 0.98255814 0.98255814 0.98255814 0.98255814
 0.98255814 0.98255814 0.97674419 0.97674419 0.97674419 0.97674419
 0.97674419 0.97674419 0.97093023 0.97093023 0.97093023 0.97093023
 0.97093023 0.97093023 0.97093023 0.97093023 0.97093023 0.97093023
 0.97093023 0.97093023 0.97093023 0.97093023 0.97093023 0.97093023
 0.97093023 0.97093023 0.97093023 0.97093023 0.97093023 0.97093023
 0.96511628 0.96511628 0.96511628 0.96511628 0.96511628 0.96511628
 0.96511628 0.96511628 0.95930233 0.95930233 0.95930233 0.95930233
 0.95930233 0.95930233 0.95930233 0.95348837 0.94767442 0.94186047
 0.94186047 0.94186047 0.94186047 0.94186047 0.94186047 0.94186047
 0.94186047 0.94186047 0.94186047 0.94186047 0.94186047 0.94186047
 0.94186047 0.94186047 0.93604651 0.93023256 0.93023256 0.93023256
 0.93023256 0.93023256 0.93023256 0.93023256 0.93023256 0.93023256
 0.93023256 0.93023256 0.93023256 0.93023256 0.93023256 0.9244186
 0.9244186  0.9244186  0.9244186  0.9244186  0.9244186  0.9244186
 0.9244186  0.9244186  0.9244186  0.91860465 0.91860465 0.91860465
 0.9127907  0.9127907  0.9127907  0.9127907  0.90697674 0.90697674
 0.90116279 0.90116279 0.89534884 0.88953488 0.88372093 0.88372093
 0.88372093 0.88372093 0.88372093 0.87790698 0.87790698 0.87209302
 0.87209302 0.87209302 0.86627907 0.86046512 0.85465116 0.85465116
 0.85465116 0.84883721 0.84302326 0.84302326 0.8372093  0.8372093
 0.8372093  0.8372093  0.8372093  0.8372093  0.83139535 0.83139535
 0.8255814  0.8255814  0.8255814  0.81976744 0.81976744 0.81976744
 0.81395349 0.81395349 0.80813953 0.80813953 0.80232558 0.79651163
 0.79069767 0.79069767 0.78488372 0.78488372 0.77906977 0.77325581
 0.76744186 0.76744186 0.76162791 0.76162791 0.75581395 0.75581395
 0.75       0.75       0.75       0.74418605 0.74418605 0.74418605
 0.74418605 0.73837209 0.73255814 0.73255814 0.72674419 0.72093023
 0.72093023 0.71511628 0.70930233 0.70348837 0.69767442 0.69186047
 0.68604651 0.68604651 0.68023256 0.68023256 0.6744186  0.6744186
 0.6744186  0.66860465 0.6627907  0.65697674 0.65116279 0.64534884
 0.63953488 0.63372093 0.63372093 0.63372093 0.62790698 0.62209302
 0.61627907 0.61046512 0.61046512 0.60465116 0.60465116 0.59883721
 0.59883721 0.59883721 0.59302326 0.5872093  0.5872093  0.5872093
 0.58139535 0.5755814  0.56976744 0.56976744 0.56395349 0.55813953
 0.55232558 0.54651163 0.54069767 0.54069767 0.54069767 0.53488372
 0.52906977 0.52325581 0.51744186 0.51162791 0.50581395 0.50581395
 0.50581395 0.5        0.49418605 0.48837209 0.48255814 0.48255814
 0.48255814 0.48255814 0.48255814 0.48255814 0.47674419 0.47093023
 0.46511628 0.46511628 0.46511628 0.45930233 0.45930233 0.45348837
 0.45348837 0.44767442 0.44186047 0.44186047 0.43604651 0.43023256
 0.43023256 0.43023256 0.4244186  0.4244186  0.41860465 0.4127907
 0.4127907  0.4127907  0.40697674 0.40697674 0.40116279 0.39534884
 0.38953488 0.38953488 0.38372093 0.38372093 0.37790698 0.37209302
 0.36627907 0.36046512 0.35465116 0.34883721 0.34883721 0.34302326
 0.3372093  0.33139535 0.3255814  0.31976744 0.31395349 0.30813953
 0.30232558 0.29651163 0.29069767 0.28488372 0.27906977 0.27325581
 0.26744186 0.26162791 0.25581395 0.25       0.24418605 0.23837209
 0.23255814 0.22674419 0.22093023 0.21511628 0.20930233 0.20348837
 0.19767442 0.19186047 0.18604651 0.18023256 0.1744186  0.16860465
 0.1627907  0.15697674 0.15116279 0.14534884 0.13953488 0.13372093
 0.12790698 0.12209302 0.11627907 0.11046512 0.10465116 0.09883721
 0.09302326 0.0872093  0.08139535 0.0755814  0.06976744 0.06395349
 0.05813953 0.05232558 0.04651163 0.04069767 0.03488372 0.02906977
 0.02325581 0.01744186 0.01162791 0.00581395 0.        ]
[0.50588235 0.50442478 0.50591716 0.5074184  0.50892857 0.51044776
 0.51197605 0.51351351 0.51506024 0.51359517 0.51515152 0.51671733
 0.51829268 0.51987768 0.51840491 0.52       0.52160494 0.52321981
 0.52484472 0.52647975 0.525      0.52664577 0.52830189 0.52996845
 0.53164557 0.53333333 0.53184713 0.53354633 0.53525641 0.53697749
 0.53870968 0.54045307 0.54220779 0.54397394 0.54575163 0.54754098
 0.54934211 0.55115512 0.55298013 0.55481728 0.55666667 0.55852843
 0.56040268 0.56228956 0.56418919 0.56610169 0.56802721 0.56996587
 0.56849315 0.57044674 0.57241379 0.57439446 0.57638889 0.57839721
 0.58041958 0.58245614 0.58098592 0.58303887 0.58510638 0.58718861
 0.58928571 0.59139785 0.59352518 0.59205776 0.59057971 0.58909091
 0.59124088 0.59340659 0.59558824 0.59778598 0.6        0.60223048
 0.60447761 0.60674157 0.60902256 0.61132075 0.61363636 0.61596958
 0.61832061 0.62068966 0.61923077 0.61776062 0.62015504 0.62256809
 0.625      0.62745098 0.62992126 0.63241107 0.63492063 0.6374502
 0.64       0.64257028 0.64516129 0.64777328 0.6504065  0.64897959
 0.65163934 0.65432099 0.65702479 0.65975104 0.6625     0.66527197
 0.66806723 0.67088608 0.67372881 0.67234043 0.67521368 0.67811159
 0.67672414 0.67965368 0.6826087  0.68558952 0.68421053 0.68722467
 0.68584071 0.68888889 0.6875     0.68609865 0.68468468 0.68778281
 0.69090909 0.69406393 0.69724771 0.69585253 0.69907407 0.69767442
 0.70093458 0.70422535 0.70283019 0.7014218  0.7        0.70334928
 0.70673077 0.70531401 0.7038835  0.70731707 0.70588235 0.70935961
 0.71287129 0.71641791 0.72       0.72361809 0.72222222 0.72588832
 0.7244898  0.72820513 0.73195876 0.73056995 0.734375   0.7382199
 0.73684211 0.74074074 0.7393617  0.74331551 0.74193548 0.74054054
 0.73913043 0.7431694  0.74175824 0.74585635 0.74444444 0.74301676
 0.74157303 0.74576271 0.74431818 0.74857143 0.74712644 0.75144509
 0.75       0.75438596 0.75882353 0.75739645 0.76190476 0.76646707
 0.77108434 0.76969697 0.76829268 0.77300613 0.77160494 0.77018634
 0.775      0.77358491 0.7721519  0.77070064 0.76923077 0.76774194
 0.76623377 0.77124183 0.76973684 0.77483444 0.77333333 0.77852349
 0.78378378 0.78231293 0.78082192 0.77931034 0.77777778 0.77622378
 0.77464789 0.77304965 0.77857143 0.78417266 0.7826087  0.7810219
 0.77941176 0.77777778 0.78358209 0.78195489 0.78787879 0.78625954
 0.79230769 0.79844961 0.796875   0.79527559 0.8015873  0.808
 0.80645161 0.80487805 0.80327869 0.80991736 0.80833333 0.80672269
 0.80508475 0.8034188  0.80172414 0.80869565 0.81578947 0.81415929
 0.8125     0.81081081 0.80909091 0.80733945 0.80555556 0.81308411
 0.82075472 0.81904762 0.81730769 0.81553398 0.81372549 0.82178218
 0.83       0.83838384 0.84693878 0.8556701  0.85416667 0.85263158
 0.85106383 0.86021505 0.86956522 0.86813187 0.87777778 0.87640449
 0.88636364 0.88505747 0.88372093 0.89411765 0.89285714 0.89156627
 0.90243902 0.91358025 0.9125     0.92405063 0.92307692 0.92207792
 0.93421053 0.94666667 0.94594595 0.95890411 0.95833333 0.95774648
 0.95714286 0.97101449 0.97058824 0.98507463 0.98484848 0.98461538
 0.984375   0.98412698 0.98387097 0.98360656 1.         1.
 1.         1.         1.         1.         1.         1.
 1.         1.         1.         1.         1.         1.
 1.         1.         1.         1.         1.         1.
 1.         1.         1.         1.         1.         1.
 1.         1.         1.         1.         1.         1.
 1.         1.         1.         1.         1.         1.
 1.         1.         1.         1.         1.         1.
 1.         1.         1.         1.         1.         1.
 1.         1.         1.         1.         1.         1.
 1.         1.         1.         1.         1.        ]
0.852503168233136
