[0.         0.         0.         0.00515464 0.00515464 0.01030928
 0.01030928 0.01546392 0.01546392 0.02061856 0.02061856 0.0257732
 0.0257732  0.03608247 0.03608247 0.04123711 0.04123711 0.05670103
 0.05670103 0.08247423 0.08247423 0.09278351 0.09278351 0.09793814
 0.09793814 0.1185567  0.1185567  0.15463918 0.15463918 0.21649485
 0.21649485 0.22164948 0.22164948 0.25257732 0.25257732 0.25773196
 0.25773196 0.26804124 0.26804124 0.34020619 0.34020619 0.34536082
 0.34536082 0.42268041 0.42268041 0.42783505 0.42783505 0.49484536
 0.49484536 0.56701031 0.56701031 0.72164948 0.72164948 0.7628866
 0.7628866  0.94845361 0.94845361 1.        ]
[0.         0.00515464 0.70618557 0.70618557 0.77319588 0.77319588
 0.78865979 0.78865979 0.85051546 0.85051546 0.86082474 0.86082474
 0.87628866 0.87628866 0.8814433  0.8814433  0.88659794 0.88659794
 0.89175258 0.89175258 0.89690722 0.89690722 0.90206186 0.90206186
 0.90721649 0.90721649 0.91237113 0.91237113 0.91752577 0.91752577
 0.92268041 0.92268041 0.92783505 0.92783505 0.93298969 0.93298969
 0.94329897 0.94329897 0.95360825 0.95360825 0.95876289 0.95876289
 0.96391753 0.96391753 0.96907216 0.96907216 0.9742268  0.9742268
 0.97938144 0.97938144 0.98453608 0.98453608 0.98969072 0.98969072
 0.99484536 0.99484536 1.         1.        ]
0.959506855138697
