[1.         0.99418605 0.99418605 0.99418605 0.99418605 0.99418605
 0.98837209 0.98837209 0.98837209 0.98837209 0.98837209 0.98837209
 0.98837209 0.98837209 0.98837209 0.98255814 0.98255814 0.98255814
 0.98255814 0.98255814 0.98255814 0.98255814 0.98255814 0.98255814
 0.98255814 0.97674419 0.97674419 0.97674419 0.97674419 0.97674419
 0.97674419 0.97674419 0.97674419 0.97674419 0.97093023 0.97093023
 0.97093023 0.97093023 0.97093023 0.97093023 0.96511628 0.95930233
 0.95930233 0.95930233 0.95930233 0.95930233 0.95930233 0.95930233
 0.95930233 0.95930233 0.95930233 0.95930233 0.95930233 0.95930233
 0.95348837 0.95348837 0.95348837 0.95348837 0.95348837 0.95348837
 0.95348837 0.95348837 0.95348837 0.95348837 0.95348837 0.95348837
 0.95348837 0.95348837 0.95348837 0.95348837 0.95348837 0.95348837
 0.95348837 0.95348837 0.95348837 0.95348837 0.95348837 0.95348837
 0.94767442 0.94767442 0.94186047 0.94186047 0.93604651 0.93604651
 0.93604651 0.93023256 0.93023256 0.93023256 0.93023256 0.9244186
 0.9244186  0.9244186  0.9244186  0.9244186  0.9244186  0.9244186
 0.9244186  0.9244186  0.91860465 0.91860465 0.9127907  0.9127907
 0.9127907  0.9127907  0.90697674 0.90116279 0.90116279 0.89534884
 0.88953488 0.88953488 0.88953488 0.88953488 0.88953488 0.88953488
 0.88953488 0.88953488 0.88372093 0.87790698 0.87790698 0.87790698
 0.87209302 0.87209302 0.86627907 0.86627907 0.86627907 0.86627907
 0.86046512 0.86046512 0.86046512 0.86046512 0.86046512 0.86046512
 0.86046512 0.85465116 0.84883721 0.84883721 0.84883721 0.84302326
 0.84302326 0.84302326 0.84302326 0.8372093  0.83139535 0.8255814
 0.8255814  0.8255814  0.8255814  0.8255814  0.81976744 0.81395349
 0.80813953 0.80232558 0.80232558 0.79651163 0.79651163 0.79069767
 0.79069767 0.78488372 0.78488372 0.77906977 0.77906977 0.77325581
 0.77325581 0.76744186 0.76162791 0.75581395 0.75581395 0.75
 0.75       0.74418605 0.73837209 0.73255814 0.72674419 0.72674419
 0.72674419 0.72674419 0.72093023 0.71511628 0.71511628 0.70930233
 0.70348837 0.70348837 0.70348837 0.69767442 0.69767442 0.69186047
 0.69186047 0.68604651 0.68023256 0.6744186  0.6744186  0.6744186
 0.66860465 0.6627907  0.65697674 0.65116279 0.64534884 0.63953488
 0.63372093 0.63372093 0.62790698 0.62790698 0.62790698 0.62790698
 0.62790698 0.62209302 0.62209302 0.61627907 0.61627907 0.61046512
 0.61046512 0.61046512 0.60465116 0.60465116 0.59883721 0.59302326
 0.5872093  0.5872093  0.58139535 0.5755814  0.56976744 0.56976744
 0.56395349 0.55813953 0.55232558 0.54651163 0.54069767 0.53488372
 0.53488372 0.53488372 0.53488372 0.53488372 0.52906977 0.52325581
 0.51744186 0.51162791 0.50581395 0.5        0.49418605 0.48837209
 0.48837209 0.48255814 0.48255814 0.48255814 0.47674419 0.47093023
 0.46511628 0.45930233 0.45930233 0.45348837 0.45348837 0.45348837
 0.45348837 0.45348837 0.45348837 0.45348837 0.45348837 0.44767442
 0.44767442 0.44186047 0.44186047 0.44186047 0.43604651 0.43604651
 0.43023256 0.43023256 0.4244186  0.41860465 0.4127907  0.40697674
 0.40697674 0.40116279 0.40116279 0.39534884 0.38953488 0.38372093
 0.37790698 0.37209302 0.36627907 0.36046512 0.35465116 0.34883721
 0.34302326 0.3372093  0.33139535 0.3255814  0.31976744 0.31395349
 0.30813953 0.30232558 0.29651163 0.29069767 0.28488372 0.27906977
 0.27325581 0.26744186 0.26162791 0.25581395 0.25       0.24418605
 0.23837209 0.23255814 0.22674419 0.22093023 0.21511628 0.20930233
 0.20348837 0.19767442 0.19186047 0.18604651 0.18023256 0.1744186
 0.16860465 0.1627907  0.15697674 0.15116279 0.14534884 0.13953488
 0.13372093 0.12790698 0.12209302 0.11627907 0.11046512 0.10465116
 0.09883721 0.09302326 0.0872093  0.08139535 0.0755814  0.06976744
 0.06395349 0.05813953 0.05232558 0.04651163 0.04069767 0.03488372
 0.02906977 0.02325581 0.01744186 0.01162791 0.00581395 0.        ]
[0.50439883 0.50294118 0.50442478 0.50591716 0.5074184  0.50892857
 0.50746269 0.50898204 0.51051051 0.51204819 0.51359517 0.51515152
 0.51671733 0.51829268 0.51987768 0.51840491 0.52       0.52160494
 0.52321981 0.52484472 0.52647975 0.528125   0.52978056 0.53144654
 0.53312303 0.53164557 0.53333333 0.53503185 0.53674121 0.53846154
 0.54019293 0.54193548 0.54368932 0.54545455 0.54397394 0.54575163
 0.54754098 0.54934211 0.55115512 0.55298013 0.55149502 0.55
 0.55183946 0.55369128 0.55555556 0.55743243 0.55932203 0.56122449
 0.56313993 0.56506849 0.56701031 0.56896552 0.57093426 0.57291667
 0.57142857 0.57342657 0.5754386  0.57746479 0.5795053  0.58156028
 0.58362989 0.58571429 0.58781362 0.58992806 0.59205776 0.5942029
 0.59636364 0.59854015 0.6007326  0.60294118 0.60516605 0.60740741
 0.60966543 0.6119403  0.61423221 0.61654135 0.61886792 0.62121212
 0.61977186 0.6221374  0.62068966 0.62307692 0.62162162 0.62403101
 0.62645914 0.625      0.62745098 0.62992126 0.63241107 0.63095238
 0.63346614 0.636      0.63855422 0.64112903 0.6437247  0.64634146
 0.64897959 0.65163934 0.65020576 0.65289256 0.65145228 0.65416667
 0.65690377 0.65966387 0.65822785 0.65677966 0.65957447 0.65811966
 0.65665236 0.65948276 0.66233766 0.66521739 0.66812227 0.67105263
 0.67400881 0.67699115 0.67555556 0.67410714 0.67713004 0.68018018
 0.67873303 0.68181818 0.6803653  0.68348624 0.68663594 0.68981481
 0.68837209 0.69158879 0.69483568 0.69811321 0.7014218  0.7047619
 0.70813397 0.70673077 0.70531401 0.70873786 0.71219512 0.71078431
 0.71428571 0.71782178 0.72139303 0.72       0.71859296 0.71717172
 0.72081218 0.7244898  0.72820513 0.73195876 0.73056995 0.72916667
 0.72774869 0.72631579 0.73015873 0.7287234  0.73262032 0.7311828
 0.73513514 0.73369565 0.73770492 0.73626374 0.74033149 0.73888889
 0.74301676 0.74157303 0.74011299 0.73863636 0.74285714 0.74137931
 0.74566474 0.74418605 0.74269006 0.74117647 0.73964497 0.74404762
 0.74850299 0.75301205 0.75151515 0.75       0.75460123 0.75308642
 0.7515528  0.75625    0.76100629 0.75949367 0.76433121 0.76282051
 0.76774194 0.76623377 0.76470588 0.76315789 0.76821192 0.77333333
 0.77181208 0.77027027 0.76870748 0.76712329 0.76551724 0.76388889
 0.76223776 0.76760563 0.76595745 0.77142857 0.77697842 0.7826087
 0.78832117 0.78676471 0.79259259 0.79104478 0.79699248 0.79545455
 0.80152672 0.80769231 0.80620155 0.8125     0.81102362 0.80952381
 0.808      0.81451613 0.81300813 0.81147541 0.80991736 0.81666667
 0.81512605 0.81355932 0.81196581 0.81034483 0.80869565 0.80701754
 0.81415929 0.82142857 0.82882883 0.83636364 0.83486239 0.83333333
 0.8317757  0.83018868 0.82857143 0.82692308 0.82524272 0.82352941
 0.83168317 0.83       0.83838384 0.84693878 0.84536082 0.84375
 0.84210526 0.84042553 0.84946237 0.84782609 0.85714286 0.86666667
 0.87640449 0.88636364 0.89655172 0.90697674 0.91764706 0.91666667
 0.92771084 0.92682927 0.9382716  0.95       0.94936709 0.96153846
 0.96103896 0.97368421 0.97333333 0.97297297 0.97260274 0.97222222
 0.98591549 0.98571429 1.         1.         1.         1.
 1.         1.         1.         1.         1.         1.
 1.         1.         1.         1.         1.         1.
 1.         1.         1.         1.         1.         1.
 1.         1.         1.         1.         1.         1.
 1.         1.         1.         1.         1.         1.
 1.         1.         1.         1.         1.         1.
 1.         1.         1.         1.         1.         1.
 1.         1.         1.         1.         1.         1.
 1.         1.         1.         1.         1.         1.
 1.         1.         1.         1.         1.         1.
 1.         1.         1.         1.         1.         1.        ]
0.8537391228205021
