[1.         0.99418605 0.99418605 0.99418605 0.99418605 0.99418605
 0.99418605 0.99418605 0.99418605 0.99418605 0.99418605 0.99418605
 0.99418605 0.99418605 0.98837209 0.98837209 0.98837209 0.98837209
 0.98837209 0.98837209 0.98837209 0.98837209 0.98255814 0.98255814
 0.98255814 0.97674419 0.97674419 0.97674419 0.97674419 0.97674419
 0.97674419 0.97674419 0.97674419 0.97674419 0.97093023 0.97093023
 0.97093023 0.97093023 0.97093023 0.96511628 0.96511628 0.96511628
 0.96511628 0.95930233 0.95930233 0.95930233 0.95930233 0.95930233
 0.95930233 0.95930233 0.95930233 0.95930233 0.95930233 0.95348837
 0.95348837 0.95348837 0.94767442 0.94767442 0.94767442 0.94767442
 0.94767442 0.94186047 0.93604651 0.93604651 0.93023256 0.9244186
 0.9244186  0.9244186  0.9244186  0.9244186  0.9244186  0.91860465
 0.9127907  0.90697674 0.90697674 0.90116279 0.90116279 0.90116279
 0.90116279 0.89534884 0.89534884 0.89534884 0.89534884 0.88953488
 0.88953488 0.88372093 0.88372093 0.87790698 0.87790698 0.87209302
 0.86627907 0.86627907 0.86627907 0.86627907 0.86627907 0.86627907
 0.86627907 0.86627907 0.86627907 0.86627907 0.86046512 0.86046512
 0.86046512 0.85465116 0.85465116 0.84883721 0.84883721 0.84302326
 0.84302326 0.84302326 0.8372093  0.8372093  0.8372093  0.8372093
 0.8372093  0.8372093  0.8372093  0.8372093  0.8372093  0.8372093
 0.83139535 0.8255814  0.81976744 0.81976744 0.81976744 0.81395349
 0.81395349 0.81395349 0.81395349 0.80813953 0.80813953 0.80813953
 0.80232558 0.80232558 0.79651163 0.79069767 0.79069767 0.79069767
 0.79069767 0.79069767 0.78488372 0.78488372 0.78488372 0.78488372
 0.78488372 0.78488372 0.78488372 0.78488372 0.77906977 0.77906977
 0.77906977 0.77906977 0.77325581 0.77325581 0.76744186 0.76744186
 0.76162791 0.76162791 0.76162791 0.76162791 0.75581395 0.75
 0.74418605 0.73837209 0.73255814 0.73255814 0.73255814 0.72674419
 0.72093023 0.71511628 0.71511628 0.70930233 0.70930233 0.70930233
 0.70930233 0.70930233 0.70930233 0.70930233 0.70930233 0.70348837
 0.69767442 0.69186047 0.68604651 0.68023256 0.68023256 0.68023256
 0.68023256 0.6744186  0.66860465 0.66860465 0.66860465 0.66860465
 0.66860465 0.6627907  0.6627907  0.65697674 0.65697674 0.65116279
 0.64534884 0.64534884 0.64534884 0.63953488 0.63372093 0.62790698
 0.62790698 0.62209302 0.62209302 0.62209302 0.61627907 0.61627907
 0.61627907 0.61627907 0.61046512 0.60465116 0.59883721 0.59302326
 0.5872093  0.5872093  0.58139535 0.58139535 0.5755814  0.56976744
 0.56976744 0.56976744 0.56395349 0.56395349 0.56395349 0.56395349
 0.55813953 0.55232558 0.54651163 0.54651163 0.54651163 0.54651163
 0.54069767 0.53488372 0.52906977 0.52325581 0.51744186 0.51162791
 0.50581395 0.50581395 0.50581395 0.50581395 0.5        0.49418605
 0.49418605 0.49418605 0.48837209 0.48255814 0.47674419 0.47674419
 0.47093023 0.47093023 0.47093023 0.47093023 0.46511628 0.45930233
 0.45348837 0.44767442 0.44186047 0.43604651 0.43604651 0.43604651
 0.43023256 0.4244186  0.4244186  0.41860465 0.4127907  0.40697674
 0.40116279 0.39534884 0.38953488 0.38372093 0.37790698 0.37790698
 0.37209302 0.36627907 0.36046512 0.35465116 0.34883721 0.34302326
 0.3372093  0.33139535 0.3255814  0.31976744 0.31395349 0.30813953
 0.30232558 0.29651163 0.29069767 0.28488372 0.27906977 0.27325581
 0.26744186 0.26162791 0.25581395 0.25       0.24418605 0.23837209
 0.23837209 0.23255814 0.22674419 0.22093023 0.21511628 0.20930233
 0.20348837 0.19767442 0.19186047 0.18604651 0.18023256 0.1744186
 0.16860465 0.1627907  0.15697674 0.15116279 0.14534884 0.13953488
 0.13372093 0.12790698 0.12209302 0.11627907 0.11046512 0.10465116
 0.09883721 0.09302326 0.0872093  0.08139535 0.0755814  0.06976744
 0.06395349 0.05813953 0.05232558 0.04651163 0.04069767 0.03488372
 0.02906977 0.02325581 0.01744186 0.01162791 0.00581395 0.        ]
[0.50439883 0.50294118 0.50442478 0.50591716 0.5074184  0.50892857
 0.51044776 0.51197605 0.51351351 0.51506024 0.51661631 0.51818182
 0.51975684 0.52134146 0.51987768 0.52147239 0.52307692 0.52469136
 0.52631579 0.52795031 0.52959502 0.53125    0.52978056 0.53144654
 0.53312303 0.53164557 0.53333333 0.53503185 0.53674121 0.53846154
 0.54019293 0.54193548 0.54368932 0.54545455 0.54397394 0.54575163
 0.54754098 0.54934211 0.55115512 0.54966887 0.55149502 0.55333333
 0.55518395 0.55369128 0.55555556 0.55743243 0.55932203 0.56122449
 0.56313993 0.56506849 0.56701031 0.56896552 0.57093426 0.56944444
 0.57142857 0.57342657 0.57192982 0.57394366 0.57597173 0.57801418
 0.58007117 0.57857143 0.57706093 0.57913669 0.57761733 0.57608696
 0.57818182 0.58029197 0.58241758 0.58455882 0.58671587 0.58518519
 0.58364312 0.58208955 0.58426966 0.58270677 0.58490566 0.58712121
 0.58935361 0.58778626 0.59003831 0.59230769 0.59459459 0.59302326
 0.59533074 0.59375    0.59607843 0.59448819 0.59683794 0.5952381
 0.5936255  0.596      0.59839357 0.60080645 0.60323887 0.60569106
 0.60816327 0.61065574 0.61316872 0.61570248 0.61410788 0.61666667
 0.61924686 0.61764706 0.62025316 0.61864407 0.6212766  0.61965812
 0.6223176  0.625      0.62337662 0.62608696 0.62882096 0.63157895
 0.63436123 0.63716814 0.64       0.64285714 0.64573991 0.64864865
 0.64705882 0.64545455 0.64383562 0.64678899 0.64976959 0.64814815
 0.65116279 0.65420561 0.657277   0.65566038 0.65876777 0.66190476
 0.66028708 0.66346154 0.66183575 0.66019417 0.66341463 0.66666667
 0.66995074 0.67326733 0.67164179 0.675      0.67839196 0.68181818
 0.68527919 0.68877551 0.69230769 0.69587629 0.69430052 0.69791667
 0.70157068 0.70526316 0.7037037  0.70744681 0.70588235 0.70967742
 0.70810811 0.71195652 0.71584699 0.71978022 0.71823204 0.71666667
 0.7150838  0.71348315 0.71186441 0.71590909 0.72       0.7183908
 0.71676301 0.71511628 0.71929825 0.71764706 0.72189349 0.72619048
 0.73053892 0.73493976 0.73939394 0.74390244 0.74846626 0.74691358
 0.74534161 0.74375    0.74213836 0.74050633 0.74522293 0.75
 0.75483871 0.75324675 0.75163399 0.75657895 0.7615894  0.76666667
 0.77181208 0.77027027 0.7755102  0.7739726  0.77931034 0.77777778
 0.77622378 0.78169014 0.78723404 0.78571429 0.78417266 0.7826087
 0.78832117 0.78676471 0.79259259 0.79850746 0.79699248 0.8030303
 0.80916031 0.81538462 0.81395349 0.8125     0.81102362 0.80952381
 0.808      0.81451613 0.81300813 0.81967213 0.81818182 0.81666667
 0.82352941 0.83050847 0.82905983 0.8362069  0.84347826 0.85087719
 0.84955752 0.84821429 0.84684685 0.85454545 0.86238532 0.87037037
 0.86915888 0.86792453 0.86666667 0.86538462 0.86407767 0.8627451
 0.86138614 0.87       0.87878788 0.8877551  0.88659794 0.88541667
 0.89473684 0.90425532 0.90322581 0.90217391 0.9010989  0.91111111
 0.91011236 0.92045455 0.93103448 0.94186047 0.94117647 0.94047619
 0.93975904 0.93902439 0.9382716  0.9375     0.94936709 0.96153846
 0.96103896 0.96052632 0.97333333 0.97297297 0.97260274 0.97222222
 0.97183099 0.97142857 0.97101449 0.97058824 0.97014925 0.98484848
 0.98461538 0.984375   0.98412698 0.98387097 0.98360656 0.98333333
 0.98305085 0.98275862 0.98245614 0.98214286 0.98181818 0.98148148
 0.98113208 0.98076923 0.98039216 0.98       0.97959184 0.97916667
 0.9787234  0.97826087 0.97777778 0.97727273 0.97674419 0.97619048
 1.         1.         1.         1.         1.         1.
 1.         1.         1.         1.         1.         1.
 1.         1.         1.         1.         1.         1.
 1.         1.         1.         1.         1.         1.
 1.         1.         1.         1.         1.         1.
 1.         1.         1.         1.         1.         1.
 1.         1.         1.         1.         1.         1.        ]
0.8425866316021159
