[0.         0.         0.         0.00581395 0.00581395 0.01162791
 0.01162791 0.01744186 0.01744186 0.02325581 0.02325581 0.02906977
 0.02906977 0.03488372 0.03488372 0.04069767 0.04069767 0.04651163
 0.04651163 0.05232558 0.05232558 0.05813953 0.05813953 0.0755814
 0.0755814  0.08139535 0.08139535 0.0872093  0.0872093  0.10465116
 0.10465116 0.11046512 0.11046512 0.11627907 0.11627907 0.12209302
 0.12209302 0.13953488 0.13953488 0.14534884 0.14534884 0.15697674
 0.15697674 0.1627907  0.1627907  0.1744186  0.1744186  0.18023256
 0.18023256 0.19186047 0.19186047 0.22093023 0.22093023 0.22674419
 0.22674419 0.23255814 0.23255814 0.23837209 0.23837209 0.25
 0.25       0.25581395 0.25581395 0.27325581 0.27325581 0.27906977
 0.27906977 0.29651163 0.29651163 0.34883721 0.34883721 0.36046512
 0.36046512 0.38372093 0.38372093 0.38953488 0.38953488 0.41860465
 0.41860465 0.44186047 0.44186047 0.45930233 0.45930233 0.47093023
 0.47093023 0.47674419 0.47674419 0.48255814 0.48255814 0.48837209
 0.48837209 0.51744186 0.51744186 0.55232558 0.55232558 0.5755814
 0.5755814  0.6744186  0.6744186  0.73255814 0.73255814 0.76744186
 0.76744186 0.79069767 0.79069767 0.80232558 0.80232558 0.8255814
 0.8255814  0.90116279 0.90116279 0.94186047 0.94186047 0.95348837
 0.95348837 0.97093023 0.97093023 1.        ]
[0.         0.00581395 0.40116279 0.40116279 0.40697674 0.40697674
 0.4127907  0.4127907  0.4244186  0.4244186  0.43604651 0.43604651
 0.44186047 0.44186047 0.45348837 0.45348837 0.45930233 0.45930233
 0.46511628 0.46511628 0.47093023 0.47093023 0.47674419 0.47674419
 0.48837209 0.48837209 0.51162791 0.51162791 0.54069767 0.54069767
 0.54651163 0.54651163 0.56395349 0.56395349 0.56976744 0.56976744
 0.5755814  0.5755814  0.58139535 0.58139535 0.59883721 0.59883721
 0.60465116 0.60465116 0.64534884 0.64534884 0.6627907  0.6627907
 0.70348837 0.70348837 0.70930233 0.70930233 0.71511628 0.71511628
 0.72093023 0.72093023 0.72674419 0.72674419 0.73255814 0.73255814
 0.76162791 0.76162791 0.77906977 0.77906977 0.79069767 0.79069767
 0.80232558 0.80232558 0.80813953 0.80813953 0.8255814  0.8255814
 0.83139535 0.83139535 0.8372093  0.8372093  0.84302326 0.84302326
 0.86046512 0.86046512 0.86627907 0.86627907 0.87209302 0.87209302
 0.87790698 0.87790698 0.88372093 0.88372093 0.90116279 0.90116279
 0.90697674 0.90697674 0.9127907  0.9127907  0.93023256 0.93023256
 0.93604651 0.93604651 0.94186047 0.94186047 0.94767442 0.94767442
 0.95348837 0.95348837 0.95930233 0.95930233 0.96511628 0.96511628
 0.97674419 0.97674419 0.98255814 0.98255814 0.98837209 0.98837209
 0.99418605 0.99418605 1.         1.        ]
0.829502433747972
