[0.         0.         0.         0.00581395 0.00581395 0.01162791
 0.01162791 0.01744186 0.01744186 0.02906977 0.02906977 0.03488372
 0.03488372 0.04069767 0.04069767 0.05232558 0.05232558 0.05813953
 0.05813953 0.0755814  0.0755814  0.08139535 0.08139535 0.09883721
 0.09883721 0.10465116 0.10465116 0.11046512 0.11046512 0.12790698
 0.12790698 0.14534884 0.14534884 0.15116279 0.15116279 0.15697674
 0.15697674 0.1627907  0.1627907  0.18023256 0.18023256 0.18604651
 0.18604651 0.19186047 0.19186047 0.20930233 0.20930233 0.24418605
 0.24418605 0.25581395 0.25581395 0.26162791 0.26162791 0.26744186
 0.26744186 0.28488372 0.28488372 0.29069767 0.29069767 0.34302326
 0.34302326 0.34883721 0.34883721 0.35465116 0.35465116 0.37209302
 0.37209302 0.38372093 0.38372093 0.38953488 0.38953488 0.40697674
 0.40697674 0.43023256 0.43023256 0.43604651 0.43604651 0.44767442
 0.44767442 0.52325581 0.52325581 0.53488372 0.53488372 0.54651163
 0.54651163 0.5755814  0.5755814  0.58139535 0.58139535 0.60465116
 0.60465116 0.61046512 0.61046512 0.61627907 0.61627907 0.62209302
 0.62209302 0.63953488 0.63953488 0.71511628 0.71511628 0.76162791
 0.76162791 0.81976744 0.81976744 0.89534884 0.89534884 0.93604651
 0.93604651 0.95930233 0.95930233 0.96511628 0.96511628 1.        ]
[0.         0.00581395 0.38953488 0.38953488 0.40116279 0.40116279
 0.4244186  0.4244186  0.45930233 0.45930233 0.47674419 0.47674419
 0.49418605 0.49418605 0.5        0.5        0.51162791 0.51162791
 0.51744186 0.51744186 0.52325581 0.52325581 0.53488372 0.53488372
 0.54069767 0.54069767 0.55232558 0.55232558 0.56976744 0.56976744
 0.60465116 0.60465116 0.61627907 0.61627907 0.62209302 0.62209302
 0.63953488 0.63953488 0.64534884 0.64534884 0.68023256 0.68023256
 0.68604651 0.68604651 0.70930233 0.70930233 0.72093023 0.72093023
 0.72674419 0.72674419 0.73255814 0.73255814 0.75581395 0.75581395
 0.76162791 0.76162791 0.80232558 0.80232558 0.80813953 0.80813953
 0.81395349 0.81395349 0.81976744 0.81976744 0.8255814  0.8255814
 0.83139535 0.83139535 0.8372093  0.8372093  0.84302326 0.84302326
 0.84883721 0.84883721 0.85465116 0.85465116 0.86627907 0.86627907
 0.87209302 0.87209302 0.87790698 0.87790698 0.89534884 0.89534884
 0.90116279 0.90116279 0.90697674 0.90697674 0.91860465 0.91860465
 0.93023256 0.93023256 0.93604651 0.93604651 0.94186047 0.94186047
 0.94767442 0.94767442 0.95348837 0.95348837 0.95930233 0.95930233
 0.96511628 0.96511628 0.97674419 0.97674419 0.98255814 0.98255814
 0.98837209 0.98837209 0.99418605 0.99418605 1.         1.        ]
0.8304488912925906
