[0.         0.         0.         0.00581395 0.00581395 0.01162791
 0.01162791 0.01744186 0.01744186 0.02906977 0.02906977 0.05232558
 0.05232558 0.05813953 0.05813953 0.06395349 0.06395349 0.0755814
 0.0755814  0.0872093  0.0872093  0.09302326 0.09302326 0.12790698
 0.12790698 0.13372093 0.13372093 0.13953488 0.13953488 0.15116279
 0.15116279 0.15697674 0.15697674 0.16860465 0.16860465 0.1744186
 0.1744186  0.18604651 0.18604651 0.19186047 0.19186047 0.21511628
 0.21511628 0.22674419 0.22674419 0.24418605 0.24418605 0.26744186
 0.26744186 0.27325581 0.27325581 0.27906977 0.27906977 0.30813953
 0.30813953 0.31395349 0.31395349 0.31976744 0.31976744 0.3372093
 0.3372093  0.36046512 0.36046512 0.37209302 0.37209302 0.37790698
 0.37790698 0.39534884 0.39534884 0.43023256 0.43023256 0.43604651
 0.43604651 0.44186047 0.44186047 0.52325581 0.52325581 0.54069767
 0.54069767 0.54651163 0.54651163 0.56395349 0.56395349 0.56976744
 0.56976744 0.58139535 0.58139535 0.5872093  0.5872093  0.59302326
 0.59302326 0.59883721 0.59883721 0.61627907 0.61627907 0.62790698
 0.62790698 0.63953488 0.63953488 0.65116279 0.65116279 0.70348837
 0.70348837 0.73837209 0.73837209 0.76744186 0.76744186 0.79651163
 0.79651163 0.90697674 0.90697674 0.94767442 0.94767442 0.95930233
 0.95930233 0.97674419 0.97674419 1.        ]
[0.         0.00581395 0.37790698 0.37790698 0.39534884 0.39534884
 0.43604651 0.43604651 0.46511628 0.46511628 0.47093023 0.47093023
 0.47674419 0.47674419 0.48837209 0.48837209 0.52325581 0.52325581
 0.52906977 0.52906977 0.53488372 0.53488372 0.54069767 0.54069767
 0.5755814  0.5755814  0.58139535 0.58139535 0.60465116 0.60465116
 0.63372093 0.63372093 0.64534884 0.64534884 0.65697674 0.65697674
 0.68604651 0.68604651 0.69186047 0.69186047 0.69767442 0.69767442
 0.71511628 0.71511628 0.72674419 0.72674419 0.73255814 0.73255814
 0.74418605 0.74418605 0.75581395 0.75581395 0.77325581 0.77325581
 0.77906977 0.77906977 0.78488372 0.78488372 0.79651163 0.79651163
 0.80813953 0.80813953 0.81395349 0.81395349 0.81976744 0.81976744
 0.83139535 0.83139535 0.8372093  0.8372093  0.84302326 0.84302326
 0.84883721 0.84883721 0.85465116 0.85465116 0.86627907 0.86627907
 0.87209302 0.87209302 0.88372093 0.88372093 0.88953488 0.88953488
 0.89534884 0.89534884 0.90116279 0.90116279 0.90697674 0.90697674
 0.9127907  0.9127907  0.91860465 0.91860465 0.93023256 0.93023256
 0.93604651 0.93604651 0.94767442 0.94767442 0.95348837 0.95348837
 0.95930233 0.95930233 0.96511628 0.96511628 0.97093023 0.97093023
 0.97674419 0.97674419 0.98255814 0.98255814 0.98837209 0.98837209
 0.99418605 0.99418605 1.         1.        ]
0.8238912925905897
