[0.         0.         0.         0.00515464 0.00515464 0.01030928
 0.01030928 0.01546392 0.01546392 0.02061856 0.02061856 0.0257732
 0.0257732  0.03092784 0.03092784 0.04123711 0.04123711 0.06185567
 0.06185567 0.08247423 0.08247423 0.10309278 0.10309278 0.1443299
 0.1443299  0.20103093 0.20103093 0.22164948 0.22164948 0.22680412
 0.22680412 0.2371134  0.2371134  0.25257732 0.25257732 0.30927835
 0.30927835 0.34536082 0.34536082 0.37628866 0.37628866 0.39690722
 0.39690722 0.40721649 0.40721649 0.42268041 0.42268041 0.48453608
 0.48453608 0.71649485 0.71649485 0.72680412 0.72680412 0.94329897
 0.94329897 1.        ]
[0.         0.00515464 0.69587629 0.69587629 0.81958763 0.81958763
 0.83505155 0.83505155 0.85051546 0.85051546 0.86597938 0.86597938
 0.87113402 0.87113402 0.89175258 0.89175258 0.89690722 0.89690722
 0.90206186 0.90206186 0.90721649 0.90721649 0.91237113 0.91237113
 0.91752577 0.91752577 0.92268041 0.92268041 0.92783505 0.92783505
 0.93298969 0.93298969 0.93814433 0.93814433 0.94329897 0.94329897
 0.95360825 0.95360825 0.95876289 0.95876289 0.96391753 0.96391753
 0.96907216 0.96907216 0.9742268  0.9742268  0.97938144 0.97938144
 0.98453608 0.98453608 0.98969072 0.98969072 0.99484536 0.99484536
 1.         1.        ]
0.9617387607609735
