[1.         0.99484536 0.99484536 0.99484536 0.99484536 0.99484536
 0.99484536 0.99484536 0.99484536 0.99484536 0.99484536 0.99484536
 0.99484536 0.99484536 0.99484536 0.99484536 0.99484536 0.99484536
 0.99484536 0.99484536 0.99484536 0.99484536 0.99484536 0.99484536
 0.99484536 0.99484536 0.99484536 0.99484536 0.99484536 0.99484536
 0.99484536 0.99484536 0.99484536 0.99484536 0.99484536 0.99484536
 0.99484536 0.99484536 0.98969072 0.98969072 0.98969072 0.98969072
 0.98969072 0.98969072 0.98969072 0.98969072 0.98969072 0.98453608
 0.98453608 0.98453608 0.98453608 0.98453608 0.98453608 0.98453608
 0.98453608 0.98453608 0.98453608 0.98453608 0.98453608 0.98453608
 0.98453608 0.98453608 0.98453608 0.98453608 0.98453608 0.98453608
 0.98453608 0.98453608 0.98453608 0.98453608 0.98453608 0.98453608
 0.98453608 0.98453608 0.98453608 0.98453608 0.98453608 0.98453608
 0.97938144 0.97938144 0.97938144 0.97938144 0.97938144 0.97938144
 0.97938144 0.97938144 0.97938144 0.97938144 0.97938144 0.97938144
 0.97938144 0.97938144 0.97938144 0.9742268  0.9742268  0.9742268
 0.9742268  0.9742268  0.9742268  0.9742268  0.9742268  0.9742268
 0.9742268  0.9742268  0.9742268  0.9742268  0.9742268  0.96907216
 0.96907216 0.96391753 0.96391753 0.96391753 0.96391753 0.96391753
 0.96391753 0.96391753 0.96391753 0.96391753 0.96391753 0.96391753
 0.96391753 0.96391753 0.96391753 0.96391753 0.96391753 0.95876289
 0.95876289 0.95360825 0.95360825 0.95360825 0.95360825 0.95360825
 0.95360825 0.95360825 0.95360825 0.95360825 0.95360825 0.95360825
 0.95360825 0.95360825 0.95360825 0.95360825 0.94845361 0.94329897
 0.94329897 0.94329897 0.93814433 0.93298969 0.93298969 0.92783505
 0.92783505 0.92783505 0.92783505 0.92783505 0.92783505 0.92783505
 0.92268041 0.92268041 0.91752577 0.91752577 0.91752577 0.91752577
 0.91752577 0.91752577 0.91752577 0.91752577 0.91752577 0.91752577
 0.91752577 0.91752577 0.91752577 0.91237113 0.91237113 0.91237113
 0.91237113 0.91237113 0.91237113 0.91237113 0.91237113 0.90721649
 0.90721649 0.90721649 0.90721649 0.90721649 0.90206186 0.90206186
 0.89690722 0.89690722 0.89690722 0.89175258 0.89175258 0.89175258
 0.89175258 0.89175258 0.89175258 0.88659794 0.88659794 0.88659794
 0.88659794 0.8814433  0.8814433  0.87628866 0.87628866 0.87628866
 0.87113402 0.86597938 0.86082474 0.86082474 0.8556701  0.85051546
 0.85051546 0.84536082 0.84020619 0.83505155 0.82989691 0.82474227
 0.81958763 0.81443299 0.80927835 0.80412371 0.79896907 0.79381443
 0.78865979 0.78865979 0.78350515 0.77835052 0.77319588 0.77319588
 0.76804124 0.7628866  0.75773196 0.75257732 0.74742268 0.74226804
 0.7371134  0.73195876 0.72680412 0.72164948 0.71649485 0.71134021
 0.70618557 0.70618557 0.70103093 0.69587629 0.69072165 0.68556701
 0.68041237 0.67525773 0.67010309 0.66494845 0.65979381 0.65463918
 0.64948454 0.6443299  0.63917526 0.63402062 0.62886598 0.62371134
 0.6185567  0.61340206 0.60824742 0.60309278 0.59793814 0.59278351
 0.58762887 0.58247423 0.57731959 0.57216495 0.56701031 0.56185567
 0.55670103 0.55154639 0.54639175 0.54123711 0.53608247 0.53092784
 0.5257732  0.52061856 0.51546392 0.51030928 0.50515464 0.5
 0.49484536 0.48969072 0.48453608 0.47938144 0.4742268  0.46907216
 0.46391753 0.45876289 0.45360825 0.44845361 0.44329897 0.43814433
 0.43298969 0.42783505 0.42268041 0.41752577 0.41237113 0.40721649
 0.40206186 0.39690722 0.39175258 0.38659794 0.3814433  0.37628866
 0.37113402 0.36597938 0.36082474 0.3556701  0.35051546 0.34536082
 0.34020619 0.33505155 0.32989691 0.32474227 0.31958763 0.31443299
 0.30927835 0.30412371 0.29896907 0.29381443 0.28865979 0.28350515
 0.27835052 0.27319588 0.26804124 0.2628866  0.25773196 0.25257732
 0.24742268 0.24226804 0.2371134  0.23195876 0.22680412 0.22164948
 0.21649485 0.21134021 0.20618557 0.20103093 0.19587629 0.19072165
 0.18556701 0.18041237 0.17525773 0.17010309 0.16494845 0.15979381
 0.15463918 0.14948454 0.1443299  0.13917526 0.13402062 0.12886598
 0.12371134 0.1185567  0.11340206 0.10824742 0.10309278 0.09793814
 0.09278351 0.08762887 0.08247423 0.07731959 0.07216495 0.06701031
 0.06185567 0.05670103 0.05154639 0.04639175 0.04123711 0.03608247
 0.03092784 0.0257732  0.02061856 0.01546392 0.01030928 0.00515464
 0.        ]
[0.51322751 0.51193634 0.51329787 0.51466667 0.51604278 0.51742627
 0.5188172  0.52021563 0.52162162 0.52303523 0.52445652 0.52588556
 0.5273224  0.52876712 0.53021978 0.53168044 0.53314917 0.53462604
 0.53611111 0.53760446 0.53910615 0.54061625 0.54213483 0.54366197
 0.54519774 0.54674221 0.54829545 0.54985755 0.55142857 0.5530086
 0.5545977  0.55619597 0.55780347 0.55942029 0.56104651 0.56268222
 0.56432749 0.5659824  0.56470588 0.56637168 0.56804734 0.56973294
 0.57142857 0.57313433 0.5748503  0.57657658 0.57831325 0.57703927
 0.57878788 0.58054711 0.58231707 0.58409786 0.58588957 0.58769231
 0.58950617 0.59133127 0.5931677  0.59501558 0.596875   0.59874608
 0.60062893 0.60252366 0.60443038 0.60634921 0.60828025 0.61022364
 0.61217949 0.61414791 0.61612903 0.61812298 0.62012987 0.62214984
 0.62418301 0.62622951 0.62828947 0.63036304 0.63245033 0.6345515
 0.63333333 0.63545151 0.63758389 0.63973064 0.64189189 0.6440678
 0.6462585  0.64846416 0.65068493 0.65292096 0.65517241 0.65743945
 0.65972222 0.66202091 0.66433566 0.66315789 0.66549296 0.66784452
 0.67021277 0.67259786 0.675      0.67741935 0.67985612 0.68231047
 0.68478261 0.68727273 0.68978102 0.69230769 0.69485294 0.69372694
 0.6962963  0.69516729 0.69776119 0.70037453 0.70300752 0.70566038
 0.70833333 0.71102662 0.71374046 0.7164751  0.71923077 0.72200772
 0.7248062  0.72762646 0.73046875 0.73333333 0.73622047 0.73517787
 0.73809524 0.73705179 0.74       0.74297189 0.74596774 0.74898785
 0.75203252 0.75510204 0.75819672 0.76131687 0.76446281 0.76763485
 0.77083333 0.77405858 0.77731092 0.78059072 0.77966102 0.7787234
 0.78205128 0.78540773 0.78448276 0.78354978 0.78695652 0.7860262
 0.78947368 0.79295154 0.79646018 0.8        0.80357143 0.80717489
 0.80630631 0.80995475 0.80909091 0.81278539 0.81651376 0.8202765
 0.82407407 0.82790698 0.8317757  0.83568075 0.83962264 0.8436019
 0.84761905 0.85167464 0.85576923 0.85507246 0.8592233  0.86341463
 0.86764706 0.87192118 0.87623762 0.88059701 0.885      0.88442211
 0.88888889 0.89340102 0.89795918 0.9025641  0.90206186 0.90673575
 0.90625    0.91099476 0.91578947 0.91534392 0.92021277 0.92513369
 0.93010753 0.93513514 0.94021739 0.93989071 0.94505495 0.95027624
 0.95555556 0.95530726 0.96067416 0.96045198 0.96590909 0.97142857
 0.97126437 0.97109827 0.97093023 0.97660819 0.97647059 0.97633136
 0.98214286 0.98203593 0.98192771 0.98181818 0.98170732 0.98159509
 0.98148148 0.98136646 0.98125    0.98113208 0.98101266 0.98089172
 0.98076923 0.98709677 0.98701299 0.9869281  0.98684211 0.99337748
 0.99333333 0.99328859 0.99324324 0.99319728 0.99315068 0.99310345
 0.99305556 0.99300699 0.99295775 0.9929078  0.99285714 0.99280576
 0.99275362 1.         1.         1.         1.         1.
 1.         1.         1.         1.         1.         1.
 1.         1.         1.         1.         1.         1.
 1.         1.         1.         1.         1.         1.
 1.         1.         1.         1.         1.         1.
 1.         1.         1.         1.         1.         1.
 1.         1.         1.         1.         1.         1.
 1.         1.         1.         1.         1.         1.
 1.         1.         1.         1.         1.         1.
 1.         1.         1.         1.         1.         1.
 1.         1.         1.         1.         1.         1.
 1.         1.         1.         1.         1.         1.
 1.         1.         1.         1.         1.         1.
 1.         1.         1.         1.         1.         1.
 1.         1.         1.         1.         1.         1.
 1.         1.         1.         1.         1.         1.
 1.         1.         1.         1.         1.         1.
 1.         1.         1.         1.         1.         1.
 1.         1.         1.         1.         1.         1.
 1.         1.         1.         1.         1.         1.
 1.         1.         1.         1.         1.         1.
 1.         1.         1.         1.         1.         1.
 1.         1.         1.         1.         1.         1.
 1.        ]
0.9700771325003635
