[0.         0.         0.         0.00581395 0.00581395 0.01162791
 0.01162791 0.01744186 0.01744186 0.02325581 0.02325581 0.03488372
 0.03488372 0.04069767 0.04069767 0.08139535 0.08139535 0.0872093
 0.0872093  0.09883721 0.09883721 0.10465116 0.10465116 0.12790698
 0.12790698 0.13372093 0.13372093 0.13953488 0.13953488 0.14534884
 0.14534884 0.15697674 0.15697674 0.1627907  0.1627907  0.16860465
 0.16860465 0.19186047 0.19186047 0.19767442 0.19767442 0.20930233
 0.20930233 0.21511628 0.21511628 0.22093023 0.22093023 0.23255814
 0.23255814 0.23837209 0.23837209 0.25581395 0.25581395 0.26162791
 0.26162791 0.26744186 0.26744186 0.27325581 0.27325581 0.27906977
 0.27906977 0.28488372 0.28488372 0.29069767 0.29069767 0.29651163
 0.29651163 0.30232558 0.30232558 0.3255814  0.3255814  0.34302326
 0.34302326 0.35465116 0.35465116 0.38953488 0.38953488 0.40697674
 0.40697674 0.4127907  0.4127907  0.4244186  0.4244186  0.46511628
 0.46511628 0.47093023 0.47093023 0.48837209 0.48837209 0.49418605
 0.49418605 0.54069767 0.54069767 0.55813953 0.55813953 0.56976744
 0.56976744 0.5755814  0.5755814  0.58139535 0.58139535 0.71511628
 0.71511628 0.78488372 0.78488372 0.81395349 0.81395349 0.86046512
 0.86046512 0.9127907  0.9127907  0.95930233 0.95930233 0.98255814
 0.98255814 1.        ]
[0.         0.00581395 0.40116279 0.40116279 0.40697674 0.40697674
 0.43023256 0.43023256 0.43604651 0.43604651 0.44186047 0.44186047
 0.44767442 0.44767442 0.45348837 0.45348837 0.45930233 0.45930233
 0.48255814 0.48255814 0.48837209 0.48837209 0.53488372 0.53488372
 0.56976744 0.56976744 0.5872093  0.5872093  0.60465116 0.60465116
 0.61046512 0.61046512 0.61627907 0.61627907 0.62209302 0.62209302
 0.62790698 0.62790698 0.63372093 0.63372093 0.6744186  0.6744186
 0.69186047 0.69186047 0.69767442 0.69767442 0.70348837 0.70348837
 0.71511628 0.71511628 0.72674419 0.72674419 0.75       0.75
 0.75581395 0.75581395 0.77325581 0.77325581 0.77906977 0.77906977
 0.78488372 0.78488372 0.79069767 0.79069767 0.79651163 0.79651163
 0.80232558 0.80232558 0.8255814  0.8255814  0.84302326 0.84302326
 0.84883721 0.84883721 0.86046512 0.86046512 0.86627907 0.86627907
 0.87209302 0.87209302 0.87790698 0.87790698 0.88953488 0.88953488
 0.90116279 0.90116279 0.9127907  0.9127907  0.91860465 0.91860465
 0.9244186  0.9244186  0.93023256 0.93023256 0.93604651 0.93604651
 0.94186047 0.94186047 0.94767442 0.94767442 0.95348837 0.95348837
 0.95930233 0.95930233 0.97093023 0.97093023 0.97674419 0.97674419
 0.98255814 0.98255814 0.98837209 0.98837209 0.99418605 0.99418605
 1.         1.        ]
0.8334910762574365
